863245458081097
76659823597
95536840311523052
4814490
609845224192324216
9601439842
8922007975
84102041
2781282139
63045
6434584568604
522471706410150010
1223440306666
1696271179996
39706527
44509824881485713
361492849266143437
60325133864517836
42963
278073699803440422
65424741
83068703842860
42760607351139
249943416831
513034740
29793755511423
70823982669767
6697778
3005214
495245556211
204227474712
50126380973799842
529106853587082044
460746872561511010
477513
49007093649
78754832
301164162
75656866890794602
90191471489
9592881659981822
901461118439
313443499
4138561723954342
3038294002998
70563703612676557
575311
16355022410727290
40962
78903918
172576768843
568486249877289
479012661929
672797486218
646992990940132694
284661831547078832
609623166033758766
52547187728667868
66869044388877971
1046419719265
99213
12321
23244
597324423171222565
6427105979541663
19995090951977316
7380918903224
584431252
24303075
6837690549280226
4744201630054641
103405882350
99882
35340036
5168255641
520628545234710103
2681183
692934282
93807646529507415
960594087794243693
2523283849098622
19138
714289904
3852866558
27917620055
7076722
847038369
48339667
30270861
35983599415485790
109955335686729942
97167
46224622
4273926415
830014526398
83491336
20791444843261
277504689382692285
14558275193396916
1754828
352104
2903680022
51978824665
64653814
751085780980301428
6146750
22725619395
3116241581
96362648829
2268096251
720685271572
594468
316537004400252
329708150000
623192
558267194987
80799564700933
43813298184
284744254394
905769514978164
482474900359536
92581621508
12412
8288903254196715
625659661
7883151535820
61846
18681520786565544
470010
37857164
7025347
719734150086651690
8148476272628
352711569575158009
92818166
941771330761
834285319
153147637341972892
9840332793
1519350276
701470136
478147749022822
45803934
136714450
220302309681035
948177826
150365063
1104493
731479687602786
76644903035012
100101248051225
9712364504
5085681
21686
259042
810355035
9171418971262832
3452165773104102
77339479100372291
148448434906
15846428613054780
433885966707475909
2976603256388483
9150585063750
6914978182297440
82770781
5954522662
20765940
819658
42961370846
900351437847433
4857584233649988
760115840678428446
4301182009290
594539822864
464300745272741
302540
793558439709794013
2169295
688069996906749058
175147417606
3960691
365763244755508
1237231
76448108478369630
521166357
834836597843
721645440511123162
39514
764497073469
301538527151015
403321564438
37318503565615804
676530
814857904295174498
96464382809459945
514020596
209050152200
44101573719017
2538501138
236655878443
7671108
1107233293
621574320456
3134152
5428653
13924086
521790803487239
1220914846221
68374992627645310
15893
78911883652844
54104
7462640374448
621563957229774165
12953958
898183289045532
679268
60641063395
9713780547
836048
229908553
88877
743735
76187525576104897
529124671748977
477805
94613378070
56512322
9622928649502008
11474
49797659617952
61951934383
249195288985927
57484942807295737
242061397879977
669735059
6114961949608
96743216888
37498722
7951378082638993
510404543398
2978073631742
73579807
510289030745
77754
355785
924405636747
6937040
867403
628783
8580229454559329
26509588585604
2626700860087
596708076569655
1553139
6779120499
813515251223142582
191618216419360689
3171753271808
1407749307607603
630236235426880644
41918143891759601
22092392746245522
453284771489624
102659550606146125
772826582207383
7364776397
820461174668450343
47102297112730068
1456111
2091026781
294687837784439743
5946749320460
790344565223259
93258486169573
41638
59974
31245830604097091
391720
6292787367401447
619471956
589598073882533
462149080
8616404233674633
390012653776765
3638397285
1752206035
3736622
32860118743791661
619931
4450357565000967
279316656326
6858052
8275924116559
771082078884868820
8091135213
3327984198600
79880349
74709451015935950
68403455486126
47533869
933016418726828
90295
3101756880388340
222677
309967266
494521986660
56696350878103
430161
4140276613617243
46039131
8977421832
320614845883601108
77557113
58919337129
622386393
97568240105675
101061295110
935060420
673601
40588
27217
5653173988
2400056041370023
656713
8304351674418493
135395707
894350653
9296838821657
4138158329613
554280
85592605
42106605893802746
72007
64788774940
666658674349545868
6743844992640
334252220225028
945774600957878
24740120515486023
428125551
8319420522761522
3411935117466449
21424048868067
4125352359744
366367865821863
2273451221324
558808024547
251415133105479697
72055835352709
7087365
9641573808
4574825442
111384962926276962
126217636668468
6349778162870796
483488266
68348263931
2008680895
555074600
279715385863594
459709766678475
932294614193000
5349844
18513717799636
36526374289
436913
12502069837188
316075002313
239404
41576994994888731
583517710689725349
94486138
552324917818957
329567323
512442056600355550
30564334
777946801
2487068157236197
425722206485070
959502571162
722425
7777657
8674118664059219
4361617
15628311763
818605
752081
29925
287538780504675
40728068319
7043148536344297
975839432
18721102257513871
381742248749
65503
179078276236527812
2830689562
5869545310
11105254231
12992821507
424125056573091654
11981836323
6751615
76275
6509297
9475490
232057545312845581
25738
99185744
911553820593842
788362023321
603165729
3155604198
538716056953454000
29445395985
694649495270559940
98695840297
9588240
53028864589
52983031842240493
6291533265221548
34268571231
36930441
5063051097400600
7809095852577
114864745650952
618247690921
2755619
86483
524671668
825266542602935
7102443
885034811283496
7471208288874090
22968778558
681636
457581475313828301
401348488020204091
360940
662105
32218902
66819987597854300
477539647941424
21701578
156857596066
13761
3718665629
90603
40372967676572
111321
4295678
42845420478344
742515835582
9947731194063
676038758414718
4935947
53775755
73931499697646074
5621693205
267424
976047
579154
8414756184297
5617270
14377260
82708411
77780
74528751618206
8009736548
51228810929186165
638829
304103167
70370226270709869
268955431940021741
266736238542
394364
445870569479479666
51355925522
68176773820394
43092244784137
9835823124168405
275244506
151918192532107444
836836
8508358702523665
92928115576
184999
5049079503
467592
78173930
1195533972734204
402598828743443150
32996501
1703021247304579
171533874079845
401286445106304129
6090289950753
38928955418654753
34486455974346
4557908187536339
93298
672306396760
66267
81736011099033611
3609062340
86402482276268
328893875490315700
370077791932404
8898732030584
98421236139460
92769396418384
699324271036335877
52793773865580
2751522302056856
595158479
34775324322
248611165131
7459391319394
7662252760055296
95592451547121
92811051620192
453555956029
347016748
13589614329
66785618437
591590914319352255
6871109258
924406
388190578280744997
353764190
80014480
495144
9224404895525736
301306340685918756
95581603277569912
38774993279004
48026
578318956
60882
4801350750853570
5377683121492220
632127312189
49602
556393
9815589
606012479854949131
759940582892981
1773547
15353973800170
72224246
91097699874132
34802249520308
9635188209156009
77377501
451214293
2030397
79758946128959405
297301856278144849
50874176599218563
199748984737
7464242
652996469147
44190156548
94528999
1969856
38296102
23039002278
6885795
846907221809827
4791777122749448
547369992
90188326226
87187804505535978
510305446123083251
90407823698520
895330
776185579090
448132710012
1414629135
496663145383153
92809
7959636039
65099567133
43310353577
867171225594134
1094618
82087
98685416
4632756474505835
5586172021349
3545470340
962190
380828
55770247
28071592801722593
15920755733952985
76602
719617102890
1238537255957224
3858509537175341
630795473712778276
328136914403875
935932048466937694
826645
66473285980
72198628372763205
2471133102835758
291586242012
932161470520
2889680906
8462712032034
40566849100
34520976222512
52374026061232
137947888
68601
820011944071017373
900674174019
26219859078
598249158855571790
268046600684989750
5145932008
9927550417824
28836537190349739
95171896433082
350771736607469
269627769758631323
820576478236479
56832721984834
65419359
81526
9976921
340732
96247099275293286
18474468790493
34346634
6085140084604115
9550626962101322
153506055545
6928787
325230637
32350093
334249817006338
409976829825
725919888
81932
8433271
3647290506773721
335491
153488212
78108736812666
9308236
72108192
35104142842768627
10140225793882
975190890613277427
651628325
90429890
7959103108723
5859669662344
8917940
318218476473
7626408167
879394672
168374567
3614576944640249
527914577
9814425264
2987467960173026
973747116713802
43148289726
6433395013
563922473388545
73194559
89740362452969543
8349242499989231
94453593256312857
79308098
16257138
46642864618631
819900490391487297
359575815010211958
8300501065430
6980860
68794271186322
64989
117066616109500865
43008121
686585805
989543635577102
25864468
9522497245356
637088348
7428090749597
54718679
9782532104
321131870658481
663986108819768
941231987073235
1995852780577
261470
7092902881794
3423224
141039668
9521368
29133
91617538
153535061
59573595609
27030
99797689743
625574271739847796
7907584
43460155121
679489107681459610
765846401625
260841
517076
607591052796204
3919743438591792
74166207170790
3370513
77847016021093
518360119650029876
2024427575544
5811102586466949
978797930
308361134
99578
45762616705891
840568807165675454
26029916904513293
398185
2810665655
17934868
4303205116339058
48160948280289813
271727701700
756821983750589
871389702470100102
3317018304
529548314387547093
64675
408640884479239
933830011929627
5837589
9896941921
70296245
564309068135695
504801841962143
318418150
278511322049112866
79066829704259524
8181289952397
6386278
25310601606
101164
3728083692825
5430588264513009
679694
17191341
55210
4536903342595066
153025901198571629
36928202937594
844405339472047925
667823616889878
354129276
54675992
564198637345104697
96514
231842364
768445025
931075999
789677
27087124
6902217137
8610950434397243
2440630111018841
6080193014996000
33007005
6151042912800274
1980140
827756066239956138
857433987
8227859168997651
2627618
55775485
65256302
40506250038284342
560632228770928401
66049
8395014989
71971045302569348
686507535780
960637713951897355
69292299356218
531464732368763
86337141661
616469275694862
85005972517
1214692134763315
19162
9565578261869504
505075
135746883554
4871840910
2939379
481480553190197
53088860496
844029029723578184
35240
102775671
41576
369764572264142423
387847
4492613457
8998987862
7228677335965954
18112674
82489993
54575867473232332
246850190
1007921870699811
255556199
9711049356831
3043132
7082327985675701
2889402735
1692838
578683248202
718779554906266954
6556638425320
81387602
51198318956864656
7377798
1532522227147590
122079319929921
561143081315465222
634831
407726579381667705
59023593
831343635
180877818364
74012108987347579
327519586618900
93686102
88901199944
43080126241796039
4929231871536
44096922090
9367531638479265
768107086166415
2393717971
6320984996
3765331
392222751644917258
5088621506502017
23051
46336856513
6059475477
989748210294870
875770
76349751711020846
246420800218965892
32299468618911
52807
65353867250488015
3719003
225528011238
98991421873873653
56377430313146
37972
15471
96709238
98240
9296094695570364
87202987851223
8648483323628
94614184632899
57531
729045294767
4532288
4507357007
29639895507032269
7020047288325066
743598473355757260
43115563937701158
224792148406
657895422220253850
7224314985
79897603727718571
74353298
284690762751648981
13752608605222491
65417345
22246537221963
578621804075617
88731379372
99038550098965
347056275
746473706949037237
3411520009464
49512
6715918852
921758284946
144620680
26852
333641891079915
313620405277547234
69548379
146603
2075748
769071060725635298
9128650690584915
988813287648896
5325456978904229
347531456465876
88353666811799
541526494465573364
1199952590
964074139
9033922
876063857235110979
883061985677281162
9233062042905377
77805
90978879180295
373551320596597
591181683812362
10700771468663647
61246548271014158
21892
47430343444749310
2647572699
137757193226
93292111053
82184604354225168
397397
8231169118
59391613
33725607
55598709512
817784580556447
3529255126
5673051800723378
6230652102
72789938232
592757234273193450
9601857773003350
3212674565
41627640588879061
69316388535254
29169990519163026
228832510975829
94165637
37914624
146879856473
51036348055
884173
124460235075559
880680
78781380257099
775779308
744818336376
7872206745521899
3338344767217
698936590
66862529
709041628964532
26906
7097463535
44121
30249
7151937637181
9438095254
282979
55212983850396461
495865672322823611
4028740
203086
46773357165478
27830
3541429676
3648790390
208468473894902002
3614401886205694
51139
77853177771549199
54692942347304
741243258800715517
42232
55152921822
767650303025
9822294759108
466157401099457513
82476863593
7143074
22001304851868246
557759
60762209711
49026
77232871004020063
6087553272
90813457657
322750453121857880
7091784865483102
66957666
108719761935727
513735524278531916
441371125
926708
457466870220573346
5239168
394997
852554130612199692
4762430615415
855750759056322
9461602
434377
51782173
51174377
1330507632349283
92940854409553418
355291489739442665
5976797230624
8311224
530927385
528097
25818265582990
838729684938292
362562480474475920
95625678236
3649825321
31372777739675998
11612062
40575839230073980
9429818224686
839104315358
58632744734902926
580225067146
684875212
515655996919
35241
86886244310
383605
44004814328
9126134047
258621249153896518
23506812806987386
934711272
316360310182949514
840031095821
54893
51914500
1345635
517407454
457122994
3951341383
68275
7293378680571189
349173
409912
1583752158
269573294
83778274
507546
3764423283758
405560935
4452372325381
389795937
35285897708809814
37119
1181145603285
1977063298874
563515824
177549236
42770802963780138
12974504185223
8821059653741
62083010
22919
299590213
5137573768005458
63490
9796463350940
713172635708
572057609847
3909024
272413
6312422272
750355909494
6280422886913
4660697480705257
4339348
76153351973188
765152615336926
5265448556
265632426
84877311378807
56606269314
65061371
66451293530767949
5823593797
79295549689
325466786288
2071671439
740277421471095
30145965812157347
1798618
94673169418551575
43540
4144991373
286495
494329131396231379
59392611423249
84520053412
28332
9772179
96326473699
1507374100
13533671
1692149
6454326784913634
27014
199513361537935503
590700
3112313
814693
245420
206354
65890681718641367
74969689319
152008220296330
534972389033568
42042827378135713
27078993547584932
708798297051249
9221559925021
7493508616923756
98556537
730259306817
5503325600
6907236
3390245
3272329178261519
81749799952
3927709
13226779
52892170899064
6862424088509056
6174924850912041
4343732557027
273571
414930364672607
36942431
88305
5572398669616744
960248516065920652
6195907658
998077900528956870
57814766
44418784080228432
74696822
906558
784002291
804083204029529525
62938
230300382085649691
8735558823
40553606
10839682205
648061931136517
67356963874294822
77662272516808337
23707
48678641
928968896
10848239
791942215624034
62439795
30330978
28907689
5914773878800
8859078
9211943375
87079141
3937119
57092254814
31825140
545820967
5897280905
2187831686
2656438759175
92964690
614138863
252436489063914362
51874844
1458332
95529
339226
774625892115946245
3395109
7735999255
487104169
12255
99479200771
16614916239
51778117517342699
31535119652995201
8450534243345030
85170583629673
523678576017322
722815291131
3104507066690721
14103404114024344
4667806969497762
74904422025306842
2220766786
344230675
981716517391170
680323675085478
511811171
791761612504
142092218564
210154375973
7387898382049
31965679900717
898592637
9571825332963117
83880
186680835642429784
25309689703733
53464463653160311
58246742419566923
26945164021
28666933
4712011317
17286
95415131646343
27048715329408957
98606
49610
686922436371
813766
71651843
61776294107598
9308519
85420530
757032537447
265390741
49549011
20891713
591027
7385670430
78827
4604632710342
530164090686
889831583
61794407180515584
57224
45125846538590724
243033
28105172339618
344224830169
38682834250819
8496887
954989687068
813779335920813
929264
26464014811144068
28758
143539
5243116893814437
32036625960
6641012330
561835526281
6020415746945508
899725037118854382
790479244
6730503
352173
13909356457
20111605
326233117411
48400821025
79053276397
8881744744179360
33431
9563054167855917
636255526318
895031694
860688
27112783480
8091149535
86271573803637
1285696
84640000
443536940628
7672169910015
217263054
5440450
84524194013356448
57383837280
4347330
4741635849834038
2685746758
9182492
930091122890901
375280
1548835664
49911909
71105554
321217770565
35272860950100818
5535202695
345173243681922197
4467915311254
9252074099
43322520736
21881607
5493946
277020576
2790940122322899
44603
17751519572440
869001
37165374653811
242415093244114754
7222321045
7432329478
99835813
8422279550169
43722
124577
119590259
84531896067394017
7774041
45960
109731094730605
3302900326516069
599406563647644
82314409
1947361626674074
3687878202853
110151653599157
47112094633841
572886993584673140
43455013669
16560
848666642674
3753600588415
6800264863100663
2134556484009789
12018095
87175
813180
60282103
17519846269016
87640
7345350127186376
93672283998
40027140269879
4427520345091
30520253365651
9396504850178633
480715
6573559016312
245076493995547
2872836664331
783790
55395389097834
9581740307071530
950403964
472854673
9004208133152
683206663217759786
67941
93378696771786307
21477
549219537
545719526
126055240798326
592718
110921357
72275782197801
263596019191135
1871090997
97790
77702252
98552237332694105
84822236300231
416642033733402
50149578845514
810516111426502
5530541177096548
8011846393706497
3368570423
371704525631967783
542225099554
9787284277
756375
36248
47196444186336
30949972
539583690161163
486834665923284
54295515279
385698
10824545549616
27794234
62243983457501
22623
9924970
6213655243
221084
717967129119804434
9673429627
929814730234986258
57335145964141391
5872315262
7099495091351
57846321
5261602897
5191290163416168
108266
3090177
980891184006998572
5540003827
62999606116071857
37205556823548
792283
1811863369356042
970467603
858327788234112
7128377384
4184974158155
2011510969
1470914965447
423286
5245420580
1334434
6341552120
38433232339
82518
4788271907
83903161445146
6423133770992
9152427886046440
4087292157
2407017
70124
66222418959237132
316147224235506
636025334064276
54473086634716
4468015
796373093743496437
56480527714491149
85498921
651838979453236669
62645705172
1222548691466419
712180518544
89082
12078
9833953240755
191028475429052369
589960459676619
285698081960
268561428133950
23498633802865
14693838
73355572258870805
7838370
830531782
2515406
89057308
53104427248370753
471209870260
2189432170980234
46460838
5342580
40724593
4351906
4992660199311
253383735
75708
9300477528984645
81711
93564083999389672
843162820
54455120420300
624245653481420196
459292864478017872
259990458154023765
9492144845929
7703029680448002
6046853
54621909591
437811760401022
9114568857747595
55739653663
47838
948547048
65373176448655
5564360
4290632151
497396369983416
411631
13561515964567
93111431908616
77933
89349299
228300
36971
1003604469673
12255
3827401292523318
310362068295961399
6629152241
6507013194
2409260428986352
898287
7948517554
7163060
2841978286451478
361449
9462852116
8178204559806
47814766319
553454
22051091209527
23314787
47390
9277812131380360
2742389863
7695179823174
95984880
81118
7096683081573
69845244208701
88076
923336291208723822
93683918
44677214
21721835594284
4604736942539265
948883398
8819306652
5008081314
71977948
4095678329877
5917909925690
48613693914663
225684310
554564360927280845
8939323737942971
1469706363
60314678382932
312179412
937696670
4199949
85472
976146094821
511854908
289976682652
1916740565
455943509903
241073052511102553
19108
11108
67106341944
32310116
64372558485926203
89951335
650400396985
201451612183
43911083
422160550420256
92664
262771505225
3620658424
121793
790812215903987997
8051386998
4560685
691845157
22069
816626218044
3255784331585710
290181
91819
50768457499701335
68961742788162
13421693665537
670737341180
647154828636
808200675090
60964379306889770
79443354446607
17890353968
642407942
8914405
493512448
4835724158211
621596894937946
524135601494026057
217686650039410395
216870403559
7539310913794174
477181631
2379711726382960
290758
76701
6936971749745
6624776543588
302384045824088955
9788056760945570
93225903078782416
389084685
26259216132876
72743086819
294467
63447537786138
7303469212101304
21623612164476684
414372082135064055
1533368927147
210757
96970717035464911
5455876643
74249414266991129
961043
6388315040498
199895769696752
49398422
92918984
66854669556
643815845
1133104158046398
2675817731001
53246
3399716563224
919107517790
47839844438357
45288806
68084635771022
16661
601241976544878996
253450132965786320
56241
837517583881979
3086845288430
80502649160
4038183525195
7583100853727
5564667
30979207
643106513697414
2193201
9857829
3974515720000
86454736232929
4809471497
19004
7512713309861017
295909597570194498
20023606333
21646550
8035584469634
4088876406580
188303320982
85049426994300
485518025028748
521853
205094533
25874427
95649763
78207468212
303931823176186572
155019699399
462340226917
7149403
915472115912
12394436577
26884679898
47928
28147
73893274978
537229892907
325472951951753502
61007724140
199634502834
817743850817290382
60383065
56754486928713
2921117127948919
21146494670798097
42029483
505320326397736
13309
948059654031593
228601903
16617038072
31380
37264221
7797886327455461
9810945986
55296794490
1649678586459
7969886781707765
65093110602696848
1312506813422007
9765842
15316
30681477
6354265735521518
97223450945
60005678000
53814
7760512819045
61309217
408293787671
9229131144
375174626302
1034342589649992
77039076742568
57711763235889685
33577378467
22200872428
92535054273344
84967505356956439
239925863910098893
991828074585
182092506712386
66268991458219
83389483821233
9481481545
445585451380
11118214311895
9572069
65816258161790
921367806650
494228
131620
7905547113042954
998810863862629
459285770
54894489
276571644159086530
56872716825956476
6409354677
766354995319843
99285
80559517
1175789197
7042564778
8892543704511902
8377055553809603
92171567859806880
635905313
25088
6522470
35083675
8309244532583
65281
683199
3028101824
5859644995618
5994696420626086
636691859505
57122486855
48463646
2732929137093
8491589060493843
501146217400304
3488264
99159
7864357504
5968755
148105920902588
7725962127649
4894554985
9879019812
829163689
44487735029181389
556321205315649145
555208978645438379
19678534
2253147300
9552568041883437
49666935328199094
4221937
1713168592403
29860153
11904060651142
7858212
598964924063259
47928197457972374
716727010052
90867
892951524859496
63388350786
34777507816719089
9432291777
5605907298935
93357332083
4191421760892
9355498882
649522
901133062
258263609503462126
23767502696
2016800421487451
7299996467349879
727365178921948
36888223965877
6850632597623853
5145108420954
87894878615905997
70105959
58290800486
12296121698814680
87126
173906117793
491635520942197304
84283837565876863
2662489
23571198200
846713944
283110
59455137852943
8658252553068
83178
9654441932445
44699686
265616668175345
6457182134290688
4921047
66332281
481017148788877
36294414128293
32947560415031
77410
822713387
82272460990435147
767577597085389639
439904982605
8694495330192206
19211627867
16146221831261
24638812779
648468971391678781
737951909817371
4736093
73517282
18439523270
1908937
41547
2316373798601193
1541527033455275
436464840773884
63457
820895507
373244375
888983639814
490591381210
705551474268
44277122
37555297839751912
260758767
136441437547
32368390407
510737704
271321513699161
22701
280945870483
22724419
71338906
83349
67029656
575698138782206
832958571329
59437391031
64567336242
2778234111378316
68090289191006
978423018814
9410084184
1975612533
5562422
4577317717
39131
39673140743317897
22784945249537567
7073521817417143
1220751
13467062651078376
26392132
2862526992051
4941114
624286398263
686920399010899522
473951952568825
362649494436548910
783404
1883881145
232233
3706762
76217
934834734872836
50577866991286972
30403
50191976647232
296699415695402627
8135088287391
45896891709437
942805769709785
925896123
7631865539702
793119751
570342381863964
21808
38254127680889188
66167
89116168769
4229553309024689
1099693661931258
4619713791851
99976
74726628
36591609040
66859658509306
58992077
649173102358
282314473237
22838535980033
51720796
82822343857
3127861273977604
26363
32673027
6568940639
186493170017897399
8115096650480782
417660106829001207
153068
19518
4486807261539
48933
193857
6670105
79784787839893139
5953445
969677616526
625202223330
14833110781971997
92597179
802780289616
7700435155844073
94416190773589
730493517324585824
228676843598
579903693
654958843007
126419
859101
919476227
9095287386
98708198419
10328017
8891902443862640
33647
31950045393
4607832895
90283318
7383148365387908
28601678019
569537460867494
804834857
3637615850234787
546345402586279
7285218947484
6839579
1795259374
627688007750
5263905776399149
531914169835
85752090123633
73656982138925865
7153172031
19757677530168
4305302745125
866308399765621362
98549213
49445887
82719043
45249
999469
49975273207
185973055532740
5104586478256
18359
21785694742242
584922
1120689875
21511796872
92209680
358406939233130004
3663245295996
5873974220
761325576829
1520045
7699254227414906
5188517
7282380724
860444603173
4112482869311195
94867
49631459446549
184203040947627233
36684458560185
6844743885
885623894578
9249924250946715
621415028
8776045804046474
30717161
47913254923776
65466752355
4318714
3703125040909
567484148
8258644
25610387443849
287813443303521
2019765975530
8322902519
844628
749717
90793305771183058
3516121992412
2049569
9853636130
96788099994
218640579855150810
149005905190504
90642161541718368
651146681295578
1791602001
69740667
797639
2014990039452
358609
4009758526
762894
18953673
489496828808114
421443085
132267679
6744016
579921440357359
83250
138225413018323
505977917284328
558311
338764812951941420
982149822
158402042181036451
447603
51984300007800
42186960
3505865209844
431701884331
183203496501698
9367304687316512
573831321
602673210
999922206203070016
874199687889433
39000166198243
41748
727684206628608856
7685330407940098
8775245275473
5947378
3583193
988884198750
891469209
930448549282083741
3543130819
675514747330069
15406322
4905231732575734
462778669
59787
686436
6592783741273
5962870933957
583250070263
58110830861713
164757488699
90331140425536
4338169002
67132381770021354
581079829349977074
698313052744
96944921426
167316039379532
7577308584
679362398
970792344144184080
36651850
96398785775735
88193396703
4382891021
7639217
2977129249
86286
1206374
592897233
6021778872850
92310966501
1373363277824318
4804950179302098
74840
954482529177314
347141296190638681
9045878
66534121453874
17254701741223517
538560742999828071
23534554879882253
46888
8579077
3187378321
11913445613843672
2955088291871566
458913031329
405229974341687304
554670
1067157229855075
337008661
2965201
7316966489919
6990363
565935885381
390989080
11249481
771533825633219411
96482974632637063
929211726
47735909942807071
509401610413598
84389497303101294
534264214929
96681119589484
456810618916706381
733025
568530296686
310116753545
962123218
2348176489576390
9749995694892
37011183657671
54403
68507845604945
906359692859720555
5056686741328
85283994310762227
191816098
11393113211216
9677462013
5621703
49198
39856
88191234535391
47112258415750
94164399203350476
6904013918410732
805473804
869507
182946102
5072389
33072314251012
25688198368085939
79702413255101
50244062
74797334908011
13101
47931144
8832947415291
11834
79955577201894
205987873889
7654058320974477
2959307972905308
563425306307269970
56090
45946605470
6337463843363584
47154902828577
82331
417259244743856
633190106101
5637429336281
9519658570
3997852
308601
81533155
28681758219383601
14432570581370953
658009064
51352498169997
360555393322588626
80694815
83771828413261587
5088549011152
92192395
36270371429
7660879929898606
12665
998411
864131444097744170
4022361195
84073147
61496
776045559890348
456718108130
323713440966
489041148267693597
616906497
957348994
503985770684578
75463702
493594238796
83975156703425325
462546817659127175
3105203069479
852274667575753
99022736788
6186624731
812165750815054
111679413121907890
88262207627231
23297941
51222
38002
520538014641
6277991
23114467118493
82194292311458
52021
44054484645483299
62761581
787451553700912687
7671735
627108773602246365
448012695165293
2750311947
8393464
8464303805544577
88535445455
921509
1511256441283
229968333
2284000
53446208463502064
963458278157492
6480437368
6881198524
38932321248
827508
373839
4994725893715510
46618
7965241632071
660258683106186
65975
957171594
869516378480132185
290533
8267862513
44374942821375
7373226476
344999250785844
131893041
528998649237090971
97967469687
65090
477840
113316
72374681284838371
55828523
39853171846
63516656515293
8506196013829881
925980038415
12378151118
5284992988
49032
599618119
92072711
97465253887
576760
438244974248775671
2298885857
23632767250
81870707
44590065028
38405233777388900
80611268235278268
10926263769831699
509051727134247
762459
43941374
969873377
920940910
461146921347
102940
99764940
33977824755489
2543390262
57284244877563102
81005472122552
83321597068787653
767584
87663781
54132
58416337403321
181171726951422
7484202825770
2587940
11471621695261
13858342082667
81329536
473229634324030758
7545487206703
916701585130525
57773472
3754789286103
1236360868258
4025376006
854220293557987907
442831406419289
955053688348272709
18212297666
31284486
15490557956
4040561
111095298
8048918
64152
84184279304307918
24162403547
39083323252682786
876588875452828768
70552165737207026
77998075
9084581
528000
39285154970
4742673
9003747635465
99290533827
215136
709696287918623
8147828
214552102
1610596537
873819811433990
669243575572
3718665143976
30158416060
382262193029611761
7805713815573
67221094881563
40879902
20304944846753
56365805
8423627
72149624468973
4488240677138
997054198
553554
290630104798632
513413433898
205840026881527
85219
283493185729947
868698
632473169725582523
5404627765505828
65425329588
501360527806544631
6442274340
95597908
1189110
8285282
8219715340
5043757163
71292816206711
2069920061
86223079915755
9818236
235478
63088085
23686028156015
87509935315783
50415115628146
9664352814395135
32031012416264
2189050116804450
75856
74413977
890463248
4743697404
72792217168
83795844
337445089002598
140190386075434
5521445250288
497434317026426
4611139
896437
8364965771
71068738590
982058537
6796550431099469
416066065
62498806757
618996416073602296
278399163321774319
840934459065472212
91005243047
76039936
98991933
2955680685363
48638763
378438162872290273
12991188854798
54633
50890485052236660
9948183755
89378477282902
69388530755
49531253095
44077737
36003229912240
969244742463732975
790363910440
6183046273
2295604
16593152605960
981516127222
4232294412
1288212051
8459259534960
92629
7961239
75770415542
6201682305
1676154
954375720540156464
74700357112295
170512408397505
21852345831
26195
38296750909525
3994736455171
72724
255501167592
9190592
408917
8371633437
8158740564695
14780376403494
487095806238307
10153157941076459
966394425937388
62565777923863
76546180520675
32573332572412
644465
1384214342546274
70592957
11582984374609
47125628034195196
94954
2259222743520
953957484375
95286199099
898443660629105198
9963764399221
9867091751018
98626415404
9337267
254912570
92538622087829
4276127762808
383985378375738
3019334868
962875
7735005360
31962697
98880307962
972038
428526668740
20235375153154
429059162156191820
90028
7524621812
9160661340936
411859146
712107305934
731739577505
526916149284644822
10069915323
211234555055662584
6554398186851655
715562638724609187
48460123336483
92770733110
2596502366480646
50194267224083172
46782409785
703786272790
4041146331056659
885684356803
7087734349286777
660496109579
511135842789192
21733526048858
2263530243
8328494
3481560748
47568358543288558
42646285188604500
1171662548765876
814039990591237497
61054271506695
8896670221
51724980269684
28977823
56471235578830879
125003937461973441
75863466
61500484
33683836
572598367662305
63436392
452139424853628154
308619
27992212412
500135940
37038727099
5436134
373645
16166547903
818793942455467098
131337824066
82692202079130838
68913715703
2201149863166846
818688835078152
324127490
67910628296367
32825
28611
462923034518333894
5002518
6690874039871446
50532
94957040122723
3794495856
8025205291
87445223817010048
56679266123448
7729487604
6638532299
30739
164084
1918132
77318382
84803160678
965906307
64671115
612704
576057696433735631
60903914748
2141801131985899
62553766774035
93784
22035090374647
45238665599976692
1266353
3198443
747033399
53001006717060
667426629
1398089497747
23448327726010
89521257594652201
8583565744528738
673727420
30446222
984878414
99516213202
58420773130
49959
39408801001
8979455
906831708
938653810
533102757121825817
44645219690
158136213116242
6598157462
92839
72602936924
31657934069
715602
1347252667
287811
208083176734016886
30352027165032843
720626254504993214
70115331
4561853053424
64754
2259728
377424
5078013265485608
58537
22990588131390853
75359
438955672037
396565
720991990851863
902794642532586
803183
23604945025499
26875856882584
26490320860666
20961420
1322420745125235
39633
764968712
245282
6330336
6300633
580369341255843469
97571926114698589
949372674322022390
269140150
8455140616046818
4865979654664
4357108207
30209247264
14844242
80190
81443133013716
17815
536758
790571291707
919019495466746
28843263557
260404
74974098
739962755
6596419176729
17365498
8722204548713
6848349
310069951151532
4225164535864602
43110281836
99370099425801606
515812210742
8842491226230671
500306
58033878
88408977955176
32827726
86310
91680980672353751
32596851
150909
92622065
39471301633852
2627147029
95358
43149041099991
8476693463194190
7338443010
6588392
7610959993
70590996757380
8072507658097
569325331
1835102211
6831986
65848909771
18820316160073297
151339752896408692
655115301218146005
4063719407473727
3654682866544427
4469454
83251
873503077549650
122545674113201
43686019013
8075695379
228702550422882
39776639187
40205121969
777698431997184258
41973554749435
3567492577663
9723939446275941
6254730
1640137873
639101390430144
22331959416134
9972889789761604
470356767461
10264555839800832
437899065232058
78989125701789061
11677
190340990997
87798989
838352204398465905
2029380
873711944261
26355001809425
299126653993
99328766081
7409832037603
81774
464503333
9517620376
244028404233384
7552751329556040
793836506534
318183541629259640
840561
57114
486082320637465063
98476997887787206
15726
61950294334652
2490993
292900894632055152
35273713
632334257234
5541999
5152067429807
309196634
884235
392013975087870
73183065870325908
80724706
280638
88981555285152
4812877716
1890543
71702199
98670
4362585957982
18455734730531
7118663
2448367915627551
1402773477
269780955963862155
55285
114031
10860
61495442383070262
645120
30656204592162
8203654532819905
5502096
956611144232798
5402902331062149
999761056
90789113128
905495
6022290567
7009348068
323569701547742561
518179770201988
97469
496603
2779342893996
5055515
361352706567850
490166501
12248996991200
800886172420829452
233345
122073187868744
970649988545
44567629
43107250467
1049883
405871
755016
510851627719425618
8504952748
58791
9797204
90848979015484
6426783
154867125609799137
67178553
9365752
8002114995762301
37922265783409
4328776161808224
8507722
779062289973720
3305104102493
62777
395657031277
381158
4433722754651
617175
73593309649901
7838432374549
6494675517724
1627257
60259629126804682
400378832730601766
2129912048
645468
2313285
547201956969755
27802
303747185
5668708312921918
46324708961351033
558321047819098
61427
8386748326307626
2354697932794981
103405
13319257368739605
15632875916
4325793712
84579634106784
521390877465501712
39179280410
8538766490708858
564248864997
6922306413835740
561100738259
8439457527
927607164818
373304550246013
955240554749844
306883
581455
95715491879963
542426710
8001782677688663
4842134518
16118697933
7477627963304898
133073799241
767769929322112087
48332
49494175277265
226881315151
6788098953
3067273
468636
8549515536676
63876852
868607616972
2429748
312207488
44482000
7267028931521906
206327719836
515835392277
10961530452
989245069369556
985954767117430
227228957975895294
6032993233015634
121140
236443005
6681900998
64794756768
5701858075051
3291666271577
183757
729691486771762333
55843
4474836249316
54569982773
2498679485217071
8562805
71350832
29946439011589
2477842042362756
6624582421376
57281409
62665014287863685
1968131555214583
768917536810
114589039
1103834325
12608848229765
4765485895886429
94721724
363514311183871
107842084439982
2316813
98671986046601863
7703154832041
20151970570329076
2986553133
725822300999
36747818653839
85776
4445230
5947795982658
940976535
2016687039343881
17181222
10948330
6725440352210
1323960
598900440303
6856471639
50169548
598413683404
897353777815418068
521748
6384690364367
2271794449366
97195389223
15110
9071631807
27412570132949859
5505611776
81778476106792870
1944932434060
690544836072362546
2691236514010
805441831915141
92493485030207557
875232
3743624109
5459051
738785975
697122
84526499586731103
5563825743291
54028
226206127
20022291049783478
18461264947
97194699663
905894416330837
347194441734552
27988167005272
2047766
372820
648114050244552827
90179617008008412
455491289708644819
996878144
29777942
5358287199190
9382969147997
829654770
7930127417204
55708345838797
82848963744
6573758
992308272946
3328088834940216
21797
611848129
586973480026
2602983
65651759658
305696
24467194603929154
328641626167
8606824038
253418837449
612754317642
16294996
26255052614299
809801852086
9494433083852
1088886083
21589796
5581073444787681
42404565783
129805367421
5016154798687624
132940793700246
3016319912
855378
65373474869608
3314895480806736
7744469031046701
450090803019027
26996
1575829219345780
248501
35474381
8345828063
568573701790856477
1467651
1971644111870566
