10761892041997
353306767
61387449109948560
16028416543531947
1211541334106468
1073587444501638
804560730131829
7351172728
3010226743174112
32669
513822261275099
696744
964282
61037
18298844338872
93837002046505386
8257495
77442620130124019
485054006558
2771845206
62360489450382
7429346
7347124728241935
73828495421332112
98983180515728426
7000644904
350070334
30122052385323497
3255725366
9877587293548317
18031713791715
9885838950
97548862176170
911370933
16732286047319
17282500
49361621530
341370810014
5955429248061790
11193
20239077
6535859804731543
5670737335
95549872922952
31984003031
473607
1536206114251756
646050
471132110328387560
16206123
76362
2037529
857249154774206
2206014320005177
95773222717668751
67157397590874727
91778552741994
1692052872680892
70063708353532926
9111143937
31402081702415798
7703672181910149
776622642237930
469186363192000569
41335807
77379
67803110327
741283368999
261718807064428547
9409148035756780
43858557342494674
79998941199434578
658820352565494373
91794916
923197543261644107
83636190283369805
47527388873269
812135602716953
777130128
288172
61626900355126347
902621115391502
704906
440860517297093196
6866684137727
517768416179
296771
5988863779870
34197579
63596648102
45810670292
87108897846834
31357322829657
399236127064296
48084499
66590999257015
6073897
361923132108422
975173
67126662
86909299728432319
83583646810
51073004
35581465202146128
33784914165483715
625169
13256193
378393653000123
5545056
584078042
1525301
471283494805273813
606548131074940
24004091326470
23045457920
742137982309
22038297243
37389
865604550298342
22947494361932898
94279509640344
722252379314892
34215632645710394
889717769925
773752044772761248
468605094
8714881448816734
87269696
25794343891674
1932324
241517475
428583727347
53173662354
42924416715037
13094497
13708
484990670217
670331
784039
4865042
364781
4613484
54002
53324190285
3830759715182
412574
6597997669625
6180666
841421574531
5157468096982545
3577793095343
908070561719
4206585
55976460378783617
949152709715
24582199235
5242639891225255
989627738
57305348481880
43278467895941866
1508194
798341496675
580878091305057
727514
61167697597
16868881
41868506108757543
185900318
415849
105532600
7330656392359789
4880174122683517
872337113171979
293844
5466278
76471
40729539
8108294059454
46909342133811530
957436246883582558
64794290
2692879496
59964
252521163891574643
542038725
48931
579541
577148020408229676
374285342
50377495117465109
729045994341825535
4147841
1472664
464842
73266940
344197943394
50959295
50803945
7482393
59227430735
46684
19274453766
272485142
3410078619496
6261973502
366865
34067
4841535081861719
6367580588771
372718264981872
52506621433
444707
470317661319
7182076207284679
300445749
74501367232902
930634885389658315
9387898
531708
188678069905171
71629036966768
5541771502550205
427441702
42236399921420691
77009443480399
73121051664
495465838191
4896918691808
27313466277174
2292985265076220
72624974631533
7903236857
70993566452464704
487324241301676
47221261247355992
989430
5863294147317884
6700590348105
94104202267685
36150077
2091419719
782772803850726113
3919209
54970735414
53884089849
10010628
133483596361
254620989
935592838615167
90975813
56105480738424570
259866022242315
14371
150227615729531
740494189238822
71508737
7624285041842630
85073
561746701
362973
33279251
2059597
2031998160481501
103392371669898649
4513002
5219863678912
46528598
51859610712131
523301577
123031
70020157
27755
2176360867
946753
2434411
367793915004059480
35846018121915651
91341777
3831796
330651518400139043
173385183034617
8855673852173
94804085866
461524595153
290188981186
98933212363
10399727777843082
31418154185212
37825701549414
988821905716
983290
121108190291327
9187848
862987
707538781198307550
97380
9554317039948
2605868397
343247075
2531161417
849407212943427
974430862311192417
3814260985833
7268067573
3161242328
92689
523126521302
98617599495422292
189534767397
2631359132766708
1674738
435247639333
5145829941140399
4394466057
25164171849964
994351
820953468432625
78815832871640
86085
111310638906143
847928
779941
8092400849234040
75362165798653566
283604865871
32579
3473321
31760965784382073
383171968662500
5339642364
3489427
966472874879414
887190737228
61094451579
3835102
428591575315632536
86897033
719499382768564
63043
5411683124388
84430
921909093
843570667418947837
143369339161655281
5550541275228
925823419117
8195486779517184
254608853299799722
80810849004773989
840152484606434
38432725441411242
94928765254126
7722086089007517
22963877
532587609202082
879711104404930
568188055143
50420762039427
798534397385
418896863452964681
25709
3989008
85731783174
91757326794
3794377603553
918085
90801454384429241
44884810
6539104664890514
94057270094
591733683230522
69176080
604963868392
880823
51817351968
308130495613
93477256433067562
34825
8651992264424
711673410974023
598618621172540
1637428355458
834740
156920
30604
5095055
6244642
89286
623970260433
15806012106
25583656647330214
6732829166282
88632715272623
4948420043
6199222111303518
376382
66813358
777819440627856117
89443836
9558191
805031441619930
284077468474
2398920336924444
2182668406281568
41968
290007777254107
952724404388
91289
197939487
4186316588
349525276531
632089151
9020262695
658680
52242785
98026124862
93166803720
39798
1303548328088884
93015096370133179
6582271939
4623317911986
160783024418092
76074696
1457403767
14292100312
86807078835987
79863119782900803
971163449620650700
881533909
2613946811195
48077898021137
95079429318
155047563112431524
106028521713
989164156020935100
822990294847615847
49237091345
98744185221633748
770845984232076
738991745
304376349559802
8546406583018
70068600001227
410379379423903919
6877836631
41895674685
58703211409
70214821892166580
6580940
6629832924322
8748685
39529246042
999687200193188131
394202813
381375127
9756686127099448
95011349391
540548
38439030681365
7555498676
706960081779788975
938998658622849261
31850016168035318
72501
758947494029482481
27083974845
542724788861
768150132910281
5840344591
4903097
974481
10202419
7259676
6914070505770935
66922
800241710310674
334298773573166565
3067177275836839
661787638489151506
45354430
28184640819
45967039043
304778222
989039317323143
740112
563393937236
337130113665002250
9987360
7571077621109
140960
4090307835563190
84508095
72017409
170468939054
23585126
83881
2771462111
39725379179
156306855125171215
829559302168967
314923212598722112
93603992891
1675952
225683
787495915918
943426086749
1635518789
760519334638
355114740
9821259674
3544086647
523336901
3663309086
754888824572321192
89732
738744
2920695
8642828
26700
4821850
6299267570857590
11956039112930527
18997920490518
9867875198356
812295
659250335418394
1806415894566767
5507900353092
66260
70932830536
2255708084
31751559310750209
3842133567011
60501
36560199389
65536817213934
772481311002556
41891846
42857745072
986656059
4039584047
98122663
48425939625
2008315277894
3396409184730601
700953039776963
639910785792335
5042049671
75546467
255337611373564
6916604
91616
74204
27057685192675
572269324577365
1355832
881867249553214501
60430
96693657216
21747372169038677
65848173
751938
8148456125992
75433410737
42781076843
6938896
56820793120427
34975
558950
81686183360598135
7041288
131245295889
79021236133624
115393113
1242176416
600485451176
9304498
6431876
1117131075759295
2655066
9764117850998
8361425233
67158322168774630
4389083560857
8107078821494
58408361806902
46219941743
3321546247767
27168947016275837
2032626569
288409
812202637369356178
670767
78830
17465863581589606
22947
500061981
279476088251
921816
94202091
1210651
972346010579448243
22595
7742536839765993
15044492
21793478883
708180256780008586
746126495876256845
6509240294
5148767458786351
396488
4298480059550375
487059
62673736635288635
8953991422521
77208722844465291
152203102558731610
60293088392361
8269316482
719605942057
7915287073994
5306327941
92730010453117
55499286049162
575425663314655460
23404233
7821807
30562093182057283
999795934828
18748
1174212895273
7872016426
92489187546615
761826491147
228432969945661171
48847862762393
91239223
3514620686343
88480477
931990012
527897036242641644
161876876751153615
7240702715869
64990
29342
512823478
790651805539
463600605055
656575915
209337
362539055
104463108430782407
1575548968
2351618402847
482211
25890
6184529921555
2475421808
3991754930648594
204773438
41537845
42601
7291239709981075
813520498382243
4950651
105674
60753975298542
363684463660104153
216537224
6522068
14450781988
52728204258811
4169769894
5409858673
7643268494323
510562655
8983641829875
813968599133449941
40252
33909
1897237
7468036884085199
8942430593161
410274178509751772
441220
5627332291
2310123541
90895192
6567592664632514
3819260568637
419731580560593549
260335699369097275
19012
965484656
303265539597554955
347403198210547891
962171646
95165199
825751776763617012
36117204092444
8133806
94918227859676702
275536
447293262305997174
50063581831918
774503
3632369
84641685547394453
15855465287178394
1303478423
3527132389
669500523
16580925597936
62693795258
417658054174
4246761732678
2878054398
91257703103518559
27188549
4293216659483
4009308580109993
10792596901392
4600854112431976
235685869638
5760071077
57696289964470
196317408680621270
33701381534
6290227536964562
471738770
3155556725266
723122438983819
4600435216603210
309704943110
409086513833
77815730
87120871
73324081
382228549331903814
50167
3315490283
911317476524408
825984844
2994945233987136
514091344833709749
338453
46873496525141001
34665873419
65908961160591936
4119292
294664171415
477924212008
33221948
177991516881197790
482379963
8826986502802253
92392720895607
579789274
67703480948668
37515100160951041
5961820872545586
11386246
6542401382
49252095722615131
9737935626974610
1458471362
735646875
95332483930
172938734
75223470
91614806
7343576976662
441586
81787783670573
96326837736
1237318919734870
911354399514345
31945487708944
66808102133032
55097410667047
67941030
73556804
57600989538
79953008
79461
728737518
4729067591620
361932670126
409331
38640152861186
132470206149
9951351
863817737245
797057321681
2193927299027
98516676063693
69071920721
231923632
81694083017
4201985789
146940074972923
3055104
63796371324
251313
3163690407792
493233575
4190627688589
38264997
77864996254723
901474270970456620
2473180
94874177851465013
8676271
13434835914302
821658445555277495
6018870953
11734111480429005
975686984436160
42174778672671992
859264469321739082
255361147277024
84493
1601983864701127
508691238724062
4200902
8432735
862253510
267424296134
2819534855023
40382831417199729
2350137386623454
1947589219
89940648154764
3878433404914762
777057
552360
116194377948638791
14719
8489577907709999
623393300
1657835
7582304
966833564
97197
32237003827
60595717504095679
287125
72091039
218537555069809
489719991067822042
2508038447
803767004
2718608687507
9135361174129
887900827937881
97702168906349589
30584286731719417
108114321034
334346897
727945130883953473
74069
9140282336151
65562474137
791204599
419780873230245468
7151396473676
863483871
78566
118688280464
56449307
6446947
9960573
55983477642789587
449286351
232886731209841
7438125090
7817277764790
388909563193
82474527114745098
85160530180449551
35998704268
5723967
42014997510929586
879199216493519522
40443
234665055168
12845790334
2212097675094561
403708829770
44274841
54673131707636019
654519393
2761026525
548510250790388049
2282081242792
1140645315383
41200
81703112
3522426629364
8860175362934
51936816641
93184
68260304477579506
38343011772449
82958160
7589639
4297819200
560640268234107332
3729389
761971
852453005775919
202877915
57200557237
7533666893
883980127244
348867262406
409777256725
451870275578402900
4049784
620337018
1046777327414317
6667911162546
362890802794558468
974294133429484
187525704492
5619000996702
76301354110864489
54754998761969266
33358
981725853935
6550828899151
193155065445297
941449
82470
1970596
18014267953
921751931204
607991932104493203
5425559524877176
11091560062
97582607957150452
47185457637
5809634586767
235832452950641
27862678957713648
810293270
296499677111
3609933545952858
2962856
971234756
75376
81902782
72454522526768114
96974072003025916
559616417429
86963212750658418
59044175466365
87439538857529136
13500941837
803547519
960119815318
198242
627731705
64558
9596572185804
14815058449006753
6449795812807421
55068
8893933801095782
988312515947
592804328012886
382816370041636
529755
634981
2259766097
9702271966854867
4189063429378
779529090
6953581990779
39002080586308
4399541177
78340647113715657
845522437282
36617228
62212007
70855917385729183
1047576074316
231313658013588814
43287161441582198
45968724949272181
73847658686887
65939627969
3468958
690723482
245111336
511225189117520
919826673628898331
98582330
136826921504
998904088481175177
73839367
676161963290437
13719236
215465578
9423131814461653
875565422114706
58349435473
73821671878385661
636891
792784925541214
90503259383
64827248
38738002816
47103304063481937
2364945
733850626146
3521167190
9005481583
346843287
147748875
435216934180
3137707138404214
182434
648941292129
6742202025931
983358182
7379866913269
60945060876
871947098264
9896637697377
884633698485846
54598497092
75257640099
560942
35472
2184082943618597
5517918303648517
5445773285623062
96378941602871313
80143152
70742151596615101
1976766
87924317294138
8091889548364778
62855485960629
318477987573
455340688
8517540037
54012048163
432501866780835
64629
349161518549074
43194798527339
93362300
3422043033719
6760896758
9605661157
6607912917217556
129313466092909
184377112934
3474065412
65372246955023484
691849135047251199
2474887
392446752257
43107884980473522
89220791748
8016613342
34392139772823265
848734282
637362684110242
7246245614446
85234
1013965626705
11703579138416
49863129423
95220785
94368873962
38256569869521
72645525
25855764134376572
883164710980355863
95056082144
7831966480870
4352446752
9610165722552774
760999
67175646621376761
58334189380142748
5877219899
77117530701
82738590
12317681
505193113720273
181112410918924789
946007936
16157851
6736035319600
78465547653
1705190636828
77730328227
698246865753125
384832709
67523
748789730895
644586128759
8414972
8111638781225
9382649
1148623
90053622339136916
827900
17984052262
60613882008824534
3810101033196565
8732956815704680
46657258981820
3945611748186839
732892740
41499
931538
66243556
890064598323049
289949283307103245
308016633034411
1244664
5567913258
2377228260599056
617406
400631353
57705006341053
3945156659
81184600
79124295769989760
5144489529
60894275493109142
4685025325396
5691575736535320
5727519216673222
66608325412779919
7496428
860670184168
121727891
157603058614194
727788248
757286781738037470
76871096666
783358138628
1006949271663490
9399650740260648
6957528282
19949247620718073
9064131331
98508687
689647501450
826531056
9303476415169
726393221806
31989024805978012
6301041
7828060115630664
484631101
5868492714
3955661
20183877
57555201149
118993482
23140472
300110864384890690
9124630518942
115199189058
6282638322656783
654129825660665
164075156236
423950879872347
5347880974390566
94900
18067435839
38836144438257282
4793118692271
43920237686
477743395273509
5435340226
55195922
2808826830530398
65043
35016
95650799638255
4539049194
267659129882550951
318292
541006752614
1516615
93931782002
37158482411
706402782155546
9939893531431
85986825
99766649175304
3195170619462733
26805803
28978555473
433163517034
9989923478
91572877202
2244449303762
1168575374670
98268831225027828
49662576019
2574528269808
257852
962930129090
8202041902371898
261027864407536
23313214110
21666413669193204
743356
519113
825005154
938718428351675732
870067
19160
62324391
371969
83641458699251250
6240155694
99933871
2617936
3955566
53402866526
110625258
285844665009
4794730931719
206614358753593907
434359729846009327
17276
30123
222456435383
53649948556359658
2288783016852910
992383531
429111673
3151600
731256430906
405867411385
3025670
7914341882
453979663472
23160952258569
75562162709546956
300406996605349406
111486068369
5413917081359
167649029050611
93836647397218830
30731882
69587018167
77729
25678
25912789945
3260514
61664743147171186
7364890
25608
78054569
611465909668
89430
21892
4411231
27878743607
62230914821
533809816
728738210138229
1062281983901716
12743606
982708000226368
46695
90178402610265
7463033000371
19153364546042762
640147832814014015
661756310
484345454318054
67137074810295
411055343511098846
40819457162
583067318989088
961005
521583101247
5053274729282
86576530626
99415
224252590269
72320290
451127658351
6531634609
8666991758233462
4180765
9640936967364430
654548456717375
179671819342018
694571487229
484347099
7399363
817070078417
454089
3233347632
703801606
6953147723
44743253279
216123
3847958740
99248365312099436
36378199327669657
628121
7483253456457791
546548058395
4582684
7460183975
286773455
2428065184644
314618872949051573
48000021
789220220
198144
520672730208
193042179664430
68697
389597740
261665880125
9884289995
721290556623
258459596
131956428903109985
4929170727
348420848068113
42755531828103
396416313
432728245
60137650611611
2269288294
257969
849483028
43610448
88441
46093876
27300909945388
93368
1382446261475898
5142891233
650043229
9422165826
2606783756877188
453338990360881
875405181936805406
467457600505743500
289619711923111403
5552529627204
60179
130017
8782527042361
8388610
41140355955922809
43593649
23468377699324143
15740850149102
98182969
79551452785610007
19203653244267305
3985075420110
389154561
610637418517176875
6847793437413037
903655
24661566690309006
652749
839346432622937626
14629864721851
29899270
4980585937466236
864952642
924621
9948369891193
79678188671864
93697238221070
31096582112
5836141
4079958987642
40875321044
81336330942
4091640795
6800365865
6467275086
7578038190
3015164242
3492136
593760916325905206
523585408297055
7502014718
80314613
619964027
6837215578
398169
717940554582462756
17618766890146
9480178
71282
1494883
50311392
87264147859647
416918717575
9497992
89312875408387049
306413794105639886
88923438
95635707180785
29748212235093530
39396
31210666
731585670704
9167327882566
675921879
91408748
99168071514817
18601719911575768
2006610596437563
6735205265500
78499352778272
438047585604674171
125160191151
41283233145171
738140775
88025106825
29684838792
7735501938211954
245677726
25786859974189111
969762759
972490225416
795928
255090
61678750069914153
224404108200895793
67822511
281807162398
774417
2641861351895059
4146293832
52651284682
17015575044450173
660448
87296375
480188
47786998004411
260737330138
41568938284482
48383037675586
5539898483821
19517102475
6849823
204077560009837
465363671923
215635662155419
59265828
58537
205326548219305
4179047951
8837518832734202
38691
642274407320673
86026718270
5684258936
51523
158045930370081359
6532587780
553673846473206144
469806811865
9267818370684
78293
808547
9815073076
9616336
8976171
91696674308703215
38038432
24022605874
8735775021999
227910265229064647
93002588789
3460758032830564
2757176562770776
503385945992479201
8773564294072
90215062838881
441795866387448158
524318
7651633527709013
8174238
364267109547
2196304569801671
820244919
27143
67238416
24552470
691487081871401137
9517200468055253
4539060
548102001663
90118
73888
34102760489
9902578
84834101630227172
115002848453842879
743379
9090690433
48411027198507790
822846129244
66001067229
88002
527958414
54004291058
3321384059
12395237803
3111437348125000
38470
97982565408
69211513753
757392744719647800
3885370622
61835290
984470
690860313576506
427067551479
3952614
8322101196123403
694331159117979
846008163467760594
628637491593
684073215
85976
19454180444343688
356063630710
6535444568
3433187154757
97553576505113444
3803105446871
85938
2987866788446531
2204224
1598878929
785372043
712874155324620
3443245675863
5183478
471304498430332
907864418611362
378859
258632595272905634
227192748
639730480003
459518
87063737
83760230
35452384267
9150399655706362
169963520190535
78593834200
3069572542926
6319615
24103372119
677860847
9790936039864120
348666366285439184
9068117
624496833256521
19862276458401
41227845797
613183732
26295552693420399
355366930930
68364994
552241034157474078
42178969333491
71467993
79815
1865628
8736712867
246071828405405
900171
2759347974
582450101653
2829939288528
39066
37291467001072466
99394
750726
1533712646369669
307925312
37922546267264050
469987566920280277
42306400332968
404383570
8775984645272
40953719851
1302349326434784
42759973820
7210100612978
33864624876209324
97864
3196500553
4649412832330
81183057543086
6953170
439976569780022379
854377550831406302
65823660071
4230212
47788210922128043
61541
15932371450674863
904374
431426235057137
72284208867086686
90402520279964
273157901
17458625439
4473356164
420691
248008
8450945835201304
896629750
254206758
429416
649944946923796
956010895403
617081
248679725344
95921321221
4871985231
927541359320
193423658579163982
8074352870
56697840705
7051683396252
965448
708733183095503026
302623088095291
842600467220
69924462777
656142162866743894
64170608515528500
5137252828474
85742
995841
891636
552283667823164897
868440737
62346693531
83139681855585864
8603393712574184
39332037732734
940552928
891844734494155
496820
4171406207
3633251866
2557316041975
89168174
2649857247
254779
262255028804112
29538258189
11716452
34365473948
2472312
6350490655499
7938135
553345606
57615544888
188789155712716717
5922018391904
1227080
214278
123662598864599067
3648060792091
46761791365869768
4856673592545
40164452232
4032653138235
11941717
351995360406235476
414785500977695
9537672730
25932804207
65665216833
890126893711
8470047
150913387440544192
89078759456713
9147836455599140
89653
601873188
66655856275979
883631407360800
262968296
7019615
2288214737245619
70619353
855431
2903637902712
16365131162272
53533096490
17893064524581
288159
74595412
4177290142906
567677138
62244097943466
25618
709531092522160321
952285104546390552
563868757
40034859
7184870938
597681
180885488229382
1084879658536931
26315265915482843
25222600294549
78652229942291
8966778772716
185109293
2277773444461
684552640
50579
120406802257548384
343854357
81685385408153442
952156244
11062074626
440588981527998389
6998196752
15403707800601
67989
685537909615489701
22189
30469807
39268
58584877737
5361592027486
191462
3620617721134539
91284406546440
5216524978151311
66328012065
631693639744632
23049813297415688
61183061110
420615511
34200094699950
14034133383
41801816
40185154593254456
14870
20443
7954308
479969
5344712
4119061
4761393736859
152402429347
770291017
10591106
490819818890
936871
426079726102697407
947783053380
842050999786
949763291033633
8030324431
302953007601029
292676158453
77466872
6096268820
3925208308039
702640
103161613941480874
336956824589992
6522491014487
5654485
474448790018
7619499
640118266192
91612766980695610
82878287304
5632756
78356551287612
869545281665311
28515
192744725125841
6521273203
156035492
676426058839106
22237
64186601628670662
66774260
443811775010214587
178320459944067218
3469225475782
688185
2973046358180
310046094261
55197379
771780771103
4980765503469085
642647371385168
299082244
593255858345901977
2285278370
28032
5812254141655376
61610217397746019
10046295622
819046700
7972162703393
4849679941878621
342754655396
37050539394157
61671679148352
9848038909155
44290
39431933919455845
8970245046
4991767832
9120712470
51075274913171179
51728072269772
11939
246569158397
2815496964
800698063
3085647
5945316
5716485014
452324668
74947376347599
88172
75439
7118307004744761
588693
8390581430
1829623
197183051149974211
9389129997089687
83497
28870963190403237
38036604250
8393920559542
28554221
85230
292101
926187142886
456672389664728684
30061030967637
40092287852659
321128387
125402252
43412687985215702
42218529853
204950
659659
321364867949526
59753514855048
21755017102628
54020215
97778
224886626963501558
2753160389045975
34387885808178727
51454
126125656
969137
28178220211625807
282329327922167
44070
3815011037032
525673678
686669275205
51076
706171617005978163
3372269520154284
2481808
1944758
51927
81748
6696942170296
3268503485304606
362622881332564
5337216864584194
978742436775
3000309489
49572053089333
2352906944
7784485
35765758790317399
22036
7388581745
787376023267
162804
52413572080
849474623100
8109181
7602969
558281445832214
18344252536966
4029523970029
44159343822
240645847172
14145759
435916703274847
221226
746164630624597064
21684564845
7330116
50764671684498
881174205971
493621
601943218
939807592361709976
50135
3209988303
3954687465
410791112573
24034007880843
23970966737
82218
3016771316697
1761827
7409079
6926841
84163622930
731566082923457645
242391269392
76784992745732990
10784074
120660449
686843648
6160871841434594
70760496
32433898999955
47127584194033
154235
46157092902
5639135
1767135768827
86253373
39569137
5740234560976
1308292426700511
391490804340056213
79850874015
78771619
1207712
81656
414835819
806254759
59523
45626019810
3871186216
769530142
2377561351858
19836487952717512
135542930096
7784807581213464
500698341397338440
2589714422966
22067208867128
7423268525
51129
91014500458353
580322
603192
1933882985150055
76055517072116184
155147
92859309
22853236570010288
711650602435
8517848185918
671331
34373797390378
543534605
4993770944883551
8896456
64991174962832320
57549062
49116348
695338
610033
104239827743
68620912575
203460792640090
30185491692859193
25622488
9397337153452312
90735061986670879
323303362851554685
32536567634
10020405
30628
2467791443371829
98315313027
41244410
88411290272436
5485471004
4349573
653325145927285989
46136945299
468011729
25049
924354094
5433687
8155769
865043025
56277503
73808151980653393
16389
90382489507
51503889655887
280072695056
643394207
74719125287942
59776916023
924602274971522
20091469
79689973599189512
207823
10163483162
84940785742512
403961450421
33458232881948460
28468772049940017
3167101
570580080317149
19481625
3156135269
6642000304176285
987100007580
71529009
85577113644
34463595462
5485821
5242557519
979137082
854829109243643272
30848136091
167874635970866809
6026396226882986
24783006191234232
922448
58695267515
151860958772847924
11990
6786054
783312
989028845653
213072
471098039882894965
12989315430067
722618993
9565894
464659
281775075575726
89714635
164521870138521
6947653120502
64585022
1330023
43898583767818
204345713372
4565022819041076
70206
7774684506897
214820151014
988914
51353770
2762974669084593
5625270608
61645898502104765
147827524643927740
26291896
9624098
580528390756
950845236
581772773416
31551687
117969022842
82012340059529020
787115109954
6248540825
27445201
35421277284753
180107477
301334364383619279
5994013657
63995
68923
33184521421
113840758039
7302437460
92656364466763385
2276788
1083738289058902
92196663410
630470686
450679133381644
682684909122322977
784558939299
82095039
5496982662220002
446850241766870779
4225753
46898657128727
464064987711105
182105
8545864123
7867248775
85734758192
586316889
393291
621550876703
11988
8804827
682902209931349
917998360678
697617525552429337
8590967
11208510
880476
442804548
7585814
92144254103797
518843306033900
49657769
9364712051822559
538158476621175
867280162
6856917455117
444039
37015068
65142446727141
16141
139781989800
80629751266343
5665086213684
11553017399175
6403013007895742
9962546
216935908519553433
83250
56037838724
585607725941269151
9201299
6238097354647643
30302518861134386
819390497413741
8598122
84169358599846802
4705784210
17693
45181322
69604007202803
14807
5122272908860823
986350979710775294
88483413726987165
96994
624843484606765552
487531101
6272548
50198336
1046102174196
21714354423933992
527440873
402953450
60577025659986953
2925952
76020483093533
148764
40389925777408
8750111121556797
858856965862193
53167906547
29337325043
912203866448185306
23168
13470423648
33667856
407929
9176211971702
23629597680
23554213690
59764144271078
26163
8234439152
835336038885528314
588161967531838
105130971
411692
48067754797310
607900482064
821145202
77163906941
92712
71370472
6282665522
5243579575657801
27445
232031
46872
989604267543
76374359143241611
9830503
85823822
54585767061832
98080070
417381087660780
9406707792
2177138430
58852
759666639482711
3035562
41564092
57153845585916987
427732847026134619
476835110764694
90826794
250721921
2334847734668573
484122779151
444277081231456
91281709125618003
6983812279743061
908481
6933013
1706045809358602
38981553326582
51384202903646921
65232264963736845
77405230620617047
2036404
1629610
9199352210493192
68570
64779187413635391
21466
95945832
50262017932472894
129280979543826759
640561747468
96978221173
728833152767638198
24078842713
84632100035114
309858228463
82100
124138137905400707
9845165771360609
695745352336123693
66193854
63142889000
477918733269152061
6265821
31469223504939883
64444216177465
6389861479
662396
583647599075078467
5862505354950576
9843140659
8364246750
67430953
9174645120850662
1614315969163267
74923709
365024150289422
907635716713
38311
43537465219
771999364
246654135
538419656
10290
18290
260321622278044
98108
46972521
3819943424
92447493803636
5123670007
195491440
599621560218162695
19817912542
946893620400
5574020885994501
5662425267
891624806546817
2251754821
4701728460544
1921689
95937380
665790278997
84316090
5239117490
697264162
683567507700234
242167
3717810
232523990809
631943755
8962460487693
2794217940434633
9545929
7719799924
70210031216767
9634128936237
738729954
17420723650739019
974276
80070130
81832
738820484645
867705
972328483917740
304296856
5476546019410
6404724
81128530869236980
7564894315530
1062186989616971
903940
297046231730
722888
97770715
360616
26931288198
64750416
6684218409917
230796575492360
607294188997
3907425
8996726
4638151911094
128488291693
87929080
8246038
7674555851045
49306
3429305036875
10282
61688801619164
484302
4069115512
6839082475373902
4663297283130734
84736058499108092
757592744078188
9887320288675776
9851133972
2179752163
435112242512
88212909113
564667
4090773447512
415926708797955201
109259893874190714
931488466246865577
65540554295361
705559682114
81229924233
2919633740764953
585145
587474
33110356
3729761
85204272483659
880341306787
64510216299
7522409323
686371
76158593762041
37981200
356388736
822918231
4775829427721167
136802175361990
88168808620265
92667738191471
983288231858
932556108188301711
853423654
776698667
8710857353
2860939942
17081956
23876050793079826
85678005
901318219140795470
4451641
139801064
849867147693058
496026
763539950030308
4981221027696682
8796489390558683
1298354532524259
3741067110390
8406767
3834794
2471054
591151
3845436896
72211903401754
133927001468178
41893712772274157
914779537061069574
8069510301
664700424811893954
557891833551233621
36599353649403736
2385564812358606
620921997975751
708858165999
45562460
4719126029132621
689330178487900
9162967282899173
1823921983
8244917
49530677192360
2316444176
327811
646748568072
5163753
658482
55482893
6688899064082268
85795
33879357205177
693330272966320588
4385698080100
2957833193172524
16922
806632
838613554392336545
1510793678911360
2920761
50792317994
9533713229
9232769555
4079218668557126
477902749
3843194906606
7887133867243217
18965579
583362968416951
306822234452432
61162
447648060955
17104006429875
382072001
289108529586
970324
9732955124
96373
20103932
4970121544115
896609846763359889
92824244748
9376881566
437917512321
6737724
955070475013
5402598
71422215287144703
35426
73044683
4659109
919109792669011
888988759034011109
12534
634985019418
693201550
4746242
31450995465146
99479294301719498
489710
383732
85895060
7416057208204336
43081693
30196104
966340792689197451
5837527395206
126503
63947881031309253
69120
474521579357126
6030112643641672
75168408813647177
8038728518
686931094709459634
957383254484590
8115670630744
936167207475327
91432558920602901
3215156
1005788883002
692609300508201867
612880085533985
35836658
624588209615912301
21742529706
949336482083513281
669123804843
11304231935
4536945544204227
9819340724
9254016157
715654684
13337675
547289184
4205704
37031385516591
500346226232365
891512
777840349
61127
58367404
774357718842183
474040
308416809550
67807
81676130197
448844
3845714223678
875655538977293577
1057525120487430
68304372327684777
9535672279
8675021
19706066024
703062232027
42138652110114061
769458567
615454731106158
4541279275
509023
40271390
3557142379888
18690662191851211
4127873611129981
98679027401654540
3982972109164
894071077398799638
140812788929941636
161610
3681894
3846902
2467686
53049706
5439236261
417103340193382
1970594242
5131165
818218904427044187
51983962267270795
361819093245
135454971
129487
1982394
313987109
714707800189
39337958519831740
74110301548241
41393877888433884
1527878
907315
40386500338
849102975
2304882568680
5089253345448568
9006839
77693614545
68398166
3705562830205
85917
88173855635704416
95122316
411689118
2193891524389541
76929764353691299
1222970360
36001
412206
6231780220
495712271337
5022373532
4839950313527
35255862
14025
19526959190186
884104465572534654
94518781426451359
7159394647
98315
137609
87888064632
6995270529905597
291663
109313873912690
177664799
99001965
754120136978868
84439124231658
478143885052882298
8832543
3480449
78765233
416703877681391649
490854
32041438
34715507329
58688873249825956
21736
5595292169
741350044237532347
545615603623
994193
613768488600961
392169894802307
20500827244319281
681827659772
42947402
99762013312
559921189244
2094882776
583245607368859
118625
85013343754
553031121935705333
7263352
38364372620142
609090
48209662
99251972683758
971455
369250903737
1675682086866832
8861747345791083
85103964107702264
585098343
66134131341
77326257552468
2118321330748279
94442195412
48352441435
37008491794041
324077820567712
2680080268901
2340938
2330979001708
65611479
51359343910
58291
7890778466
8965323
721512757
94774
2724499048076
12750875508
10959042469230
406629366224155
72485472675
870599828181550
74226229311487573
88302083
833297
45634563794353087
97074287519470
581952415804563
5648051754645
8940776057876
493582339172901864
731687
18807249
337774611945823924
871208060
20619678042
74264724186686
52193239985160648
505846
729444
803258066962920
890625391593167994
936644483
740204771
23193
623022077402011401
9321514771279650
34731
648953
734787050103217316
2627195260447
829550424208
976916642839205
713527569118
4530945
9289314
373626709194
3299541
303108921852066
2164342046788
623396190
41314626841461
28973353
387977642681054
70317
840816867
24344
58164162
453586
683318
7984276
9832781368181045
902457
5043515226
91008751059
26925791
69592211
12719250626612
201718016943
43458708738
1330578
3078445844310845
56641124499158
350241391
86848
347003929966916930
30786477890749
5805918956647863
4249258098269260
129183495073303
32974526775641894
722831925663
93496602
5173571469798629
42156
74395632833009
603367329561
2180172394
92866511977363
2898089605
4526492921
54063172022672416
960301
92166430087807811
8752072726237
6739236
22927725813
557415
57642907
36620667383653612
68614
45256147955
801546066333
6907018
9239486465
309306352
185779477
9055526
98204
507942
91403679
12378214732376373
962566095
273232
7955430375474803
166291
405811206
6014745604030
9582083312616009
570454299460
34414915
90745055962873612
91281
489141
835394790756
8789378
1453631488419
56228515909
367372
86047749007102
302673221
429790663700525151
3920518
7373866884441400
69325709782284
864234487493910578
580405571160
7935292274
368841
32769
2729034
212984
870945608
7654085
442520701752
20675
26672543
5855918876
376759784333
14569833799438
3540409881716917
679525119
54307
2563953213023
33635855155650
2376475859871
55927532277
35399106
942533774
775046316474186492
2657159760
16593622356633793
411917
12660558623136210
325641395889802
337213856442
455536260522230665
89120
19573851522
7099130
86177382382
2090449966
21247
50213691380990
81339255623718866
2766620
58250645836043188
180568279993
9513559
679956
335391231112
51942791
159985489902810425
94633
66478808
964197
671077911
65745076171
932172277
2102476241394
21519077399157855
42884325
557200898
48034615
31307787
6593280
73998778
7411677088265
429011809766
669456982814
981373
88617525
24189089103245306
177040
9125654521257
5589357780442931
977705292929
3318241617798
575517252698733772
752562894470611
635354099711
97471521765962
628834
52481354265
2690043182293
16656759988180
792454
423749137
661129
5135716877
543716959
55534826080178
4136933311765147
751015910858339198
27365522971949
23890928784468
852053555127156
117376284140
37387601722398
53942
959385
496029286774
668807828095337573
1633103642
11863
258718056
973022873634
78127616634
4623077840
42203
869794084
6986067
5763227903337087
563424
35248235368843
29767322276
80927859
717465
60311815483346
919972
7886427
433027124757579207
58282
2269805811621
710293
12652938
535288
65505
4524816034547
954332057370
94408708254029212
340487078268534319
2607077276631455
5803880
84699
268963781
5850841049351
65359793277810335
163959622878
96355163041
9387004542
43636378286951416
80252466688
48402944850669
299583477808639277
58482970040669
6337466
14211
94291471032964300
75906611791313
519592
9283990
6205710751504
168481364557000637
31646842
657561170190
81024185295
5623319818
42686
827641886
244527927668780146
240590973677032097
12253719398
47268848
12329880603
228008128717832757
479905285663678981
40148401
203781
9772278635244384
701908
14223604767846257
55469738376852466
9416759293250650
97326226
4005173
926607801
406943964
9731652897435
56367140654
7389578
7215368925
83233030
34542170650650
178703582
475864525
234623400
902991202161869
8531655174254
59396
616638481
1430649773
281225630
746051610
706431046545
22653346352
6849034
261701248014
628364917629
40760
307542410534
8152317400997
6608414389
318130268875232076
3155697
895504752497828167
692525902703
859913634489
473248195803
910943213077
9871966970
2365212380193
3587114117010
3598181347418
595625965703951427
717707363
55398465
228568036616296
29729983408533225
86834425816048
992212693
8212119964168923
95077876
21079
50701715102398
94254920990962
284518
1597075599
85527
65631666514007481
660546285783775
2395559663395
279950893019656
3752917
41976964
7195164
6225799
4561041192597
160217207604931569
87244679430354725
34394
83676999456
23261
583347
265714672941835
9439237
3618564062300
226045454185887
443018117095918
510793935
33087059389857
26224149775
55455009459
479707193
51489064294079
24904723499
6748562
9736501645474
12146967
36512506956496
928318699025
81500565383562344
26900957966
1769190
653126133250562472
694967541
9015842154380665
58458
85048851
78338568134995
76251014
6904016084
98872666
1774041257
624986
33600929936993487
363323345039987
7718289518
98446833234
5679179158831
194857
71852025203
39458521
6422387749377606
2097854194588
78246904
46321
138663152
2619015822
568777
1069823531
58592181933
35470631
77918
268239127356192333
8265813876
9663200005
311479551795162
718922055216
692370670573
399076616381088160
184506161802230192
222449
7866054521936126
87239499140772987
5095577351669167
91795
25720568223724549
4827276184976141
21321032
4036994173481663
6941218996445488
117264815675530830
42972648
327044485226103
1510213714996
39581494661942455
85201116
202067723210
51641402
182134
9681179785439443
19203311409112156
5092523
80926095
191795509
142201115835215
734428461078960464
355071398172449396
52851778616
74294035546404442
27989148347821
5991773566510585
16443120
665292937
8965892558151273
305154138122
171259886007
401284
44238730354103164
870811704246106
943658
785683232853013477
5397952516243560
3110986049
3281349513096
16489117272029
717520817399448057
695230412305351
93385338931361600
701905781
1909176
31470922809779156
872784
7860010879903
164621674280
40684388
323210189248932757
643880634339661
3755684634598
2230458
42237573913582870
82617362441745
2289648717520
6731199
6575928059
311522
117197
84900289118576
7644262735798155
197846445028004
52755
3816769308966
159957752913
97028829234
921893307
48996925593545525
6279298840514188
76213818044
7853594887799
2118288
17096007908200200
891660
839161981907726395
6225063
73638148815196467
49642540606879
64684695513679
39205056
1881602281
354310921200729
94018834
3307514951011226
1563574220211647
80265245692389
75185630
756250
28444
82470
85908191672048
611895423401710
46983
565454310
95015831655
7268383
219160918735308
6638268
12020347
3282226201453
146518389
427330
7037697
648048222
6505702899888423
7324670489
3406130720
57337483287448116
7614154383832
1465896
58627191029140
92042
29970898758829682
13993141525342056
921030571
9126043594
17982
887414
64349918011
9694743
439653
90931148272444996
1492340277320473
9257745046731
83693
318984326783620
50937967607
2871331068296031
577377412032976
53255592721417124
689407598411536
13141005296877
3405780
65928177
3276806920349266
56411810062
4404636
68709449409507
88303
7385966524986309
32963
2752699400617
5414469145
619906777398
8099621286
17782234385146703
8966430059990462
63274260997694
33747660869
30742713632
995880738032598704
70861
64192193213
24121696
999461
735990439
963433740338328443
35896877
68341752531
395835015199
599596
127639296462
836015200052
618560100923390
130367399619164635
33715375
6323108
207729801183735
271783057215942852
6701432323532629
9142800894
720845635275861
29171627353
21248545195743
9241609
12251515
55575445554
21301106599
277916937477453955
50461762132
69423
10515807
348676487041289
55909684682004460
291942903
685113400574
90484
508611
2465139316
6575098549
431504403576
59207534803768882
77853206479
33237593
811340672
72896696590909941
609801
644695097
84334925496
8424071
82425
85448863440997459
71333452
4743124
996272849239305500
8045993
30394680668668709
419119388510
4564152413042568
393921021
565588600795452
57126553484101745
18842507905
57741
8296220679260454
24223074691371476
7680225247367255
3469908162905949
7784934070328
6709176960821164
889557
96462218307709939
7580023665398558
619155766461836
85898414046
84883
4788199941
71064
31198222
368430111
483729295163710916
519504201122624082
602047896170747
507607332444471800
717905741
3862694949336531
621749026022491
84652902062122614
78919
49918789324120
980083606
78522466827
333415750214671185
68999770379174186
25610905803464
329890589072
104624832855564454
5397405776707
308265103
20099685907918099
944076119139405992
91219397580
98417806403697165
5012469215963647
45191598957
44602683477901
59136166536
899609907230
807008931611286461
4813983351845628
55860232
2323538333311
1726353133
1951354298125
7468779
67115811244230
8013189
5406041
41070208591
53680184
712058118
7340818143691
2152739
878262
98249906925686274
180172482
5750344532861
27646380943539
73997
3453662792437
8657327237083
623247753893
424470953
752121384577
628676458051097
5024586505
3675831
50354756352
97383991471830987
947748147293629070
75908
41757387875515587
10674691600
94914842099957
4852024
80686218467668919
32071827
62407274
35062296
465604992145567
664004125393912
5789469099065990
95396875263166215
6113636
938925
368174674794785549
9559888978
86958
5035947
541132087035115
9835818014832
9613174800700
164834180196432
9367598908894103
37611136360886
96561076
609642072
68884230845
8917275
467785369
60687673722881648
687696975
627756874263015
1025476905378270
6513282564693808
38102
909209672
83713827070147
750133761396897409
502857202
2489636332939473
52227058
4714090906585429
66792949374393901
145554
7582389
589774151
457032913
509601054588
347794642046554340
547420478518824808
15622315374158
88503094335433
437416844
65641467013779
3428520653940352
62678576
575556588189
9784208199638058
187706397
26695
7683265
411663
67167618
46347268861438435
580095
64500937810150
38768492940026
543865514982706
97196395665566670
1094898248
758381599162939
2774172027606057
17237462739707928
261289670645
17860449990
90107002261337
82872355240210472
847380
34595496019
1052333796780503
7411904155
326511500
22809317934
70399653
54192569237329
328738928
104965389525913
4251396326
906050
6767624
5467522039
537278049235
1715560217
9807871546026
34716054233
6987350654988809
779643267
851809561
2438496511762
93004652687364
153827513825
20769501383949
23726244837
99734500161367954
50723086258
78166360822450226
5070743037815799
3453215443793734
46186
942648040191770
48178606741
37950475231215032
4645556
1832546042693935
318131
692080028
44330
901850060956443094
8483093329173025
30107908
26655727639685
57983239
6144188019
23349626460328
401769
469092076156
785815500
968223779
23562598118141253
98533
6206515
1637764574277
3115091795
37197286003549
981483150771440
29367097
932797349232881
8412886163351285
8064499436
8223066223691
580988638377
8674887459
586117322674028078
76102247042234
796908909090
7868867250303199
72737115716720
6690061
884581329168546
116009
30054529102985
36679456274658156
342307503
924053573507892540
14350583443509
4676999
17047829240237
259847359571390862
71320
82041
518478144126
6017817877
99209
795696236401967660
30497652390565150
888922
681808625511945
715203157224630916
514695294269459
211355445123605
9904954
310205374
4918601898
903622547127857655
443213
267331
31545492519
1445294295643
845625781118814731
59808972
26683450307897
6690571
55029479349
47638
64397958
83877005863421204
7069974962
2259562565417
40515589960
1074706368377302
762795
1963632138036174
8428569503
53293840127207463
360720601816502760
820231128832
610520
2782834435053
1156749546
75863910
36324338418
173414751777516
499441178005244563
73811
3784292816
97419413
661925780062
286336712518749
962873316
50956366058
906081981001
875081705137965
782161770085655587
747325082
385168712
158589392940
546258646096120949
75811714971624
228979544
555301186101216
7215248
1388500224922
11757417350832919
867169
55778
491599305
512514
164974052
428567299072542243
315528793579804596
594437869456068
94235193442
766383982481792
7430620033953883
50543550
39783
37914788333543
490550648940
4402920812
