20515
3575673
66152383280957
4222559593068
761534686124530
68787762737608155
760954275499462
41748
21536306658
133678576490247554
621502237
8038120941
2742798094748
588441586282
76087536319251
387722858378529125
432069322518532
76323353230645
272251
28232801588
69199149113388
698793912
79409221796
349371897
473004416560802721
1582973151
1925671366
134151833
44321
2655848429188849
2419783999778
24186
555283666414
2342483487
98148988158
8237635228363883
602739272
2231675
39407877114189
976888795142979166
98676
74616907693876
50900430350
7386077589318111
19257375
9198914435933916
8829558444077
41087853727989448
625279844177184762
524864901352475043
5295799267091053
485143830
192221043441
489983796
854328
14875895195393998
9068030084863775
7583233628695
917594662681509
28006771911521
705839244696444
15817707727279
51424126457
90699835074772378
87687758968
54418218883067266
943448
159376219009184
58976
744246068742303
915721
4724163073
7251252258573490
10790484863
321624111148
992649725024
535125
200361217940
6717781022939
153507
73587293
75366876
233977587
32250
85101906309916721
41537830909842337
3394699
1944792896
359900306
4758118674
108546135
1124469952904304
8125028
3196396633698435
107751678182072
66721553773
48991428147
34103145
828097055055514
623746
28816
131745
985342
183050221545949542
56713
94868832
354976467
3692746750
21265536265
26125320310
170208654949
83592293163
70679183061828364
830239
30454037687949503
674746127769310716
9269985792760996
791858119804
61057851510860
38239162639743
670408655011366
882240
73157296237098086
9498937
77264250019456734
291313629109971577
7044377082090
498624885254383297
57034642919
3799027065639
96327
5114926
80028822
7296491
58135080116
984881
927620
13244
428505166
264695
916240642
39460702971651
5208278450
8277933
566527523036
15489874455
96207799751696
8451837
459360344207
87669193
94018016299026
1298544454839009
41690511
85824213414780
2386667837
19956
2361927914637
297479061983721504
9330530029452108
386179989017171767
956257599569
9662776
742027551033
40491
7081397693
1360643995
30015559150
425100680041
6822867911803497
268060826
55530412780013
8712859421560
37952
65822545
98342709
81901
76320594729604
7396052
455355934671515039
86390687723431
547257445
707880718875575
11861113282
70096
70554288753587
264708323264496
54186897610
6169384221508416
502482863228220
46806137490
349642727610442789
32265813
747971883922177
44135
176483672249
795426
33547
73507944655
619545899632
43578206595
10874760746944
2398081460248425
38183003309890
334265
401731014437
801842033612
289159948061029119
21284
2617896954356
47275492574
6165420871
89668995989185921
793280383123
34109493321671706
12644890
46211542776
5742961835
786348
2275728411
74341016
4913668707141923
996618341287
6159225741648319
77875680659393
6429119144
339157771580737
248342489881889104
73679041479828
14112857019845032
3271261
53446536
99847
2466942
62425037103
595393522
11249
77640684
334375716951797
2599558028197
6361580333
80955069326
17666187998835
12494463054042162
26110186
170686
2499729679
10339567824
49914772643330646
2109440789
16403288079650
7326249
4945267
15234389962
818739980301
361361022316140
979329563
662730
9169868389149638
241129302111
452643642519317
934232258468175156
9460163579360
80839094804100164
45741479885649
4278058943
78621
93515302867672
338936
3845459474
59973104786972
82434
111942701
6412616
8420270
526425927
6028500456
89178548040
54712287871
778363239993364615
278024
663253050043601063
872987
448056884810158131
52913926551272
9824031
99831660
760638
225276118
7403913
4996456811
800153293619
812021288573
22216005549
228192277440842474
3765555097
629104
448387729507594
21090
20850638177
142545470
737487998932520971
30864345215100
29352
24774501297264
18574822662939
655229663612
90533
62118409
3809162
116183186828825
642089
391263487355581
74018576559953009
403987317
6249654
90748597999724
5678777
2626147672
8230040
429492208592885
4012918633255449
13159530079175438
94042742275
312894
98441628862389513
26484293457918
848812
8077102156374
5148411983642
4519656
601419071950793991
958786851858087
15167015
17834
622193014
135565021273596047
874010381997843
257328875791930212
12707986
191311513990266090
2167052081
328492344021
62960224364740
42855950
5403770810
3380164061
605426550539301375
428985562817
78420424779834853
579805637319099691
710803679259
5613895374
70299763887253591
842918068634129
749545020675281
8549083835779213
237876234512794
417129
796037868877
3210535813708280
99972087872338162
188805471367916
6814817141615517
92601
253286615651938
947658431102
24807730
72717692576
5797872
797531
6128905321308
78653654685
695593468
1045825
2357815306580884
6247401233
370570
2934906
12058
98781111034857
42602
373043692
80663772
27434702741753
7471949806351073
41219160951017575
22741060926914672
49289828120017
9265878182733
4880134822
490595723237
5035139
983847902514220
891745671
905298588072577121
425362141413747
66349
186617617299561
3122097
58159019634450036
7605015016211801
3579930765
599407959115
600845839175158
9566055630050548
885929952
689781
75215366129
30593424
1416397668
238372004210889
88767704798929
31396615
594728074
28460
62284289159
69415
72510920267
908274
19072233
1231887134
735036145325682351
197027
17691506004846
29381
518071
246301708528
971625419620941349
858558475
640499725234
61094117739
36795078411
19175
38804999558944597
9841719
75115098666942
3245967711182
997980119581426971
3587321218836212
91032191870
6362992372296698
5340829221899
650501131788231830
823487996146156250
6413957
5922224980264950
846399
5751719924915
52312627412446
4969954084
68237
5693843993259
59565
640982106277646757
1728860344804969
830900891
610455910913805
5369664450668
850398299868305839
1887414730
386572
8512643
5710009628441
50444802728687642
84304092
1654265941
6815939369
25741627463
37140741
720337718146
7325611
17170705253847685
377937281
3275327
5991162328110
2493523063705386
24686229
2146130
67452561
31822
260278880318949856
2450725761348
3491658
7918328559
625206
48111336
189232
84874920528662
79799618
72284146939795201
992166549614750874
3037453112094386
35783
31832226122277172
8029761363527
2659735371589
8918272374519738
73426
7706269936985604
23212907
369953624580119895
64344702501045
9814977864804
74442871291
453845802
800734022074671633
11987677377047
84122527190
4777023
2353093515
3451789628
61685654080
32245442442049
37050
19858204291472
124655973801580439
720354570521217372
92569827
947183
6474474243715
1165529898
2310420592034619
23636768
4201835929468
600101167887
483418880594
132345397940243
814585
3197259936496
634130
32107
99435163290
5790295441
93502
64242
56078884264373
726903582243828
790201
1524407921288
66833464887976
30844041275934
766502208175761
58765624200367
31059115
15145303706178751
266177443403
96526417063
60609504846519
40770723417706741
62778573939458766
147363274761
9654682319878952
63386284984847790
2466745912610
1242354523476278
1530963820
4906960462045
484344281703
172855410177727
492289103
618355742352503641
980889948
618359790903978555
798903
5082862091520507
3040196801
628927112160
590081
15798504
49056853
244127758251667633
68261
73354246388181720
75002333
502739757670
30112251177530367
268557759
302108097
466025359458
4833646401116
2763449998762
8395692
337019788165
5530449385631161
23629997054624
62625226297457419
9030022
95957
238604
555504109
32354010156
467948606385645
8287930215318542
400436317
66846577
40884470134638783
88618483783035
8514122162
165506280372698485
90968
23951
97009773533982
7582658059
15253784574588527
182476594177673
371048707
777481761602292547
420422695681
22708584460
5846598066223
75772045205
8012414021769
909884783847
9036151634815
82550278492
5628760552
3774385672
511314982309849
67174247
625885132578620
2224256437270
21797
8038269704782902
313179757407838
753010
4626612
88080222647
384963044
79310636426451592
6122403233825
7615830
82391946
8512980685761
597683843608401650
41582870
562247
562613819750
839882
82496580903823429
97706352765183594
5062068030563389
97440190598879
5660296349023708
5805288719
92415
56167196932399934
658786128315
18586976
7700180091
10130949173
10348738
82645038231
8141460567
8122342282796191
801799754
45197454146
96999
902469151569
38164857973780153
16538775585638
2150365
5167287477982974
47518942393324
796888137927616
713802280
681962302244612
54742933606639
59728074131046221
3158987450
4655156594873
47050087
131294543
476000433991777907
6592643979406
6672877999378
8358549956368
4995768776346760
900996
7100660
14433720314543501
54396922466
342065484506677
15933
24122831349188793
144465146454
90778350004281
7250954265147
4263453923
682548161581700
64642865928982
37384
112246
6993556190672
352098
536551455
755264555570283
1835251
823071734143
50451606661456411
8080114912
9442282653699113
8398130696853
423312436713062549
786458566473
8153590484287
8370147607
203105893037020
440301284766377
81789
89296028494
32596039819228
96591285500784988
530779
918417
959138
739259903989076
27235843102124476
1794988234
74162
546701582904642446
68452193831466
34203869676
37325
151107
10129734229469
25925295563229296
61287349999676894
23876
3943871468
9321252846500088
229520
6064730754078
3270106133
99232138
1972079910334
8461035040
4491255
98604841075130
50276515494991
7497654
29270938222496
90175796831
5510855049
816039
3413611
329868533
955953
4647650510994149
41642
533901573726
139717590537
47863
40997
163209758
1733295678499607
7724573287390
39774967610514174
45389290
18851586656951
110771843
89591152501
95269917
77367
7528333741
610363760130923518
87154532885993
5043614377
990002
544071077
31689275188952
168015
2622595142616138
68666160
854277
962161557
282272280556
13171854076
182142514
51315058349030
98164458506218051
66072835
824477876700
6244348
67243629675959575
53064310319
563846224
6650615533988733
1391039
916205643630010
3933117
30509605929
55138802061946893
94293926
8710029659714834
38204683
22227
62752770
523817469320
6554863888
33791266029854
95400476
314532196088716
4476836
21141
47260034347136768
1098806495
5651047610198
1936702
1423902058
461310842
12727
2681309285703962
9227258594869603
87586969603083
2408670
52097513
908499583
98684831760565
80451603
1267222719594
129781988
119262240
9243406869498
328368868222004
327892048542249510
1459536958856041
4531397
4346250438254
605680
85581240226
7878251447754002
80234003393
690120702793
1909674336
403350151
581297544251
961249305375
58287138960
676119426845
325089287
4762242699782640
346095434594426
337038376206720
6411648293954
8951597118083
750445
61410485
4966254863065054
19205225276537010
868205488951
8441387248927530
711352
320781257551
655380
5177904
48629863
435233600807865
6361545549126
33156583666
952337006092369
527059731881569981
2839901515330
379114209021
9007237
297148434699510
661843
9432757
4954233928543
563136537658807
22522613
96498368598787448
599239806274646687
60530272096930
1403297052005903
26323912246
6754153
3457042065193964
52273
76367260128
5724490687
590516428806902
870115
43366730055113
1256699
85097700
722794710103411
958967180821378023
818495
76618755697
28428309
23957
920648
79021486719443
3699651750
460796009
64118347148040
959742
7236443
85082
7754238
766550
229859032156447336
396736294
9621193334314
97809922067767326
549712160589854365
59162830950551
58045422033190
758071796
174718062618785591
7899640
1180725298766375
922620990976203
249261878
311638325
1013886067683623
26976016162056816
25075
5870410920
75461869158
79363352975601
848098
4761133
101194494480
743571015868687
98599815817913470
24582657283
412276
187386535068
5562475877028
49746374974
85503937532681930
69616780284220
33020962098585216
363037
3085668039
468730995
5954166774489604
5429374421371
3861849
3318455
915735573951552389
530739
40222640
641707090694
813280743832
217738325450659
5414952375742
4060004944
7098070
97290
8822973
6306517463143741
326511991799814
84465250618192
95549681
64741493487714844
956486669135675
11040386614
585947787345
7574791947
2427068129312
199625173817720
260153409128
584802553305
34670618422703611
97911400
65077653542191
984404577443
73689
44748203
779610885720
9310045276
680377304353
92563843
51415359
14018464716192
156623614142113635
417348484725094771
54245185479858639
45154
167039295867
54810
13230015951644
6241092493994
84240114
55896
695529248
77075000128455
852680040
757877924
45274
719613355
12702666996860424
78386127771
577791205565237687
7221299734738754
86986158325
82648
145896622
43035977539
742023895586
908767654530889558
132808
778285303243833
25572378607651384
47713996062001
41740283
7246812521
157889207233
89365464
7888429770821
124789194337922
6716245
94340
99564061285860
77765387732
3275960
89454522166825
218392984007439758
6279879628729783
152046
80968675
7068932158
519649
14168
339364383463
759965546329
327500848
580892590139
7393373832671720
8403768344
21048707480
3397640
33738277611639706
7938917459145049
7563452
16019
72030
8369481782450
99768074245266653
4101602463725919
8656820200
788491438435201984
19651488
5108850832200984
862025
68963420912196
8967103451830205
1182810857
687141552
996524
85412074558867
2658075367835
3352354762075
85920
505941420681780
3869355292
8336704889985
39394500822830577
97233557961791
28923
738808386229
3065833099209263
79065
64417041351215013
9571396547
912236747856
1983043
555126
17299
81999986
23881257
37699824
56752074592440791
9932671509
29817246956968976
9828438
3390856796186
7504744332562
388156624981840942
4715772015832
59007185
9558584409
21561107863122937
721627
31923475569
94979425467
85292582
7785203
836707141
62183022162349
909894971136772
73824005
883466
571546023830730
1023523236086417
156910166264
1740722411
70974616
890092753979
13580868075691
59154555475648
358319937
933863986412726
7538648473640604
48932601016434552
75518
918999654323
98012685557
853243186
31995416081
3608150047
82736440464
6233368408325793
3467133785355744
2995783
421785652934334792
121254195867
241609494693201
17903357
59198138
4169149439837373
93175922862
3411937575441458
314570507832
118550
8593178
17141189051429
9755485097447
15464587113
9470050482216424
80893236599
3347460679
4885622844601
431958283204632817
4380001
5761545244779298
894587578
50933534944919875
13390108351372368
907593966
1852890620
4575628030245
172381
58073
868448225455747
288973501
53582454848110514
29617870808943
3288752424
4111764389173830
49842892022
288193058964081792
744882280711
16886496
972830017159
5853083427080
8531605268910
70678551157521406
77746
50311
9982495065697249
52461
69029363647582
3531032684
7859638444823
8778606623
86296483
9081246198435645
794380
893153818103862813
50948450977225
8289211282142
6879827550094
989837851319560210
50081
85232785395382
182678
126558144529659736
2392750
72220270928592698
93185494
4031016176
18346140339698750
83012236919
31514
858664704269720
683238
290254140192
70508645
25524266604202171
914204
33195148861365849
975585409833812227
8518583831136772
126735390680102
217084903375997500
39007580563
67904718327322
3888313458318
74684012
619740270394
437938
79328784
850563985
30803275394
25689
55752053885389
8190448004675
3878316389097530
16200990098
87839617948290890
89897784
623464591523
46260421343
510204355042391726
1115621412
36430972056265119
99882
147314413757529883
39504
30768048
245826245492562943
226274
53603733
7914588362510
934557
869939871391786
4136482461512491
823425137381
427939948609719
242182
858678
486547153
395650660
2376273797675387
687639095070644
1706035753201837
112176
683286241905219551
32953639
509492
301180560160475701
7581968501163076
41679
926467770589693
94263
261161457750
68453
524546
546494
4515330905
639783111902
65307793793
8175640275952
3202398465607325
70255186894864875
47155389597068
67994824706023474
2237513272979
32086481986661160
66012
317224
25176661
470510
56189838725841634
53014838
48008784311564734
705384
9873559
95143115871445947
5031913
193000
82763171118377
58438
2200779
685165389
206409
61854224716
518706329466674138
73649104098863057
611767
59893728446024
25496953462
18940804
394253063818
5397291
420856289
657510272058076
74677230911
118136388488
48199241946335544
1581021185346
52715
9037073895005
2225382790
23988430
628772
98914
7385811
194611191914572
893637944904030
83035184392238
3687655718746
7744275
91046889350497683
506457368091526
52680138053568
4375528340
50191760
8562019
4809870
8003207630721940
681690905926109
513871659265
5899186370205
3909535786236
91161724429131277
429042255
4501346467215567
2637267669915827
2975581614506360
72888151926993
26359478106978
253395087722281751
753483812610581
2154415917
329430140
49624595005178
69347094682441
95890069670279
88360608
58353
68260935014303
63164628
584145380
8543419665353
812374220
8463705057775698
95794670467
76509430199153
28436236470
61146
34638
921929994092952
2583121205011468
3516707
52935
75598
631284084810136
43252857614579
78098
71918
490604377039168
65383
6374111046230
49698979
7949578243090722
566515225335
4684624
66278804
8164507843
74994991931817321
54641691002133
8202841
23073677
98826357
893589392069917
490943382062
1531817554
925195912731
836283133234
6643047155355
57954088486748
9457891
22415837
9042248
69541
47808561587
312742523487471
122741
486495019903
71002759890591
27135213408946094
390035301027327
644311
1530083274797091
588908740122804
729320
78916688425
562080878
10326
98245
534667198282268106
124866
977105762806
907855251298
4697325499156816
43119136
539921
3136292509
97390
1263825
56777462500122
79935046062864
88077811322072
20897005
739961708
3017501115
894206318
621672
92699091969353
445391572979148
587676
90799
45530
20625246
56270
766527762722
45763828902442617
33369858949620044
9125986
5209197094
70285
252874680106608194
79011671338
9820508162
174411310
1153781701
71361782780946
3805238223938515
8278806
65138138468551616
972102069018000
353436796754
4187300215
796652
89526231
412731299
1142140483228140
33964
601572529
2939986
73723130471273165
74841099785296
643949
770024434
2774303729926746
6212039320291
7497109230939
9129725387
35534682
395498234583158
1685737
323950214
650712618294
91402922370
1950430
150000
96261
44805597927428308
498748547982
443313989856182
87341303327829434
974432318664561072
154297382
9073916375219
26321676537
5286494306803095
253454800661313548
179061
3920072833831509
76722
84059
291479519760
116834
931347
283298230862
4274365047
5099233647291282
55238034190
5622384
71032303207100041
3522522
711752991459957
159818212688
7143245
48279256
70002
815189559
97225938103
8257516206560
522041056578681
197315
96992
952794221625652
466169
4464309532760368
5906579754303
9092801517395953
454063958
1863509605519
5024358
989379134929840008
46498005
18006806031
1167810704919
43542051356612081
1972501
2866653
68310193
691909700
50801370756
82904057839373
347080668532
3218050475542319
5239403858813
2705095285
78764064130802
27107696
125851923445047
71048896331260553
6711392710
9491415654861851
72404956805089692
9726910
314361
54334529618010
176663179767
892357420794445597
452186407
81940585384177
545543542872688179
9817311925766047
91031
45938025280436
77791083625205
40440288779463
98772454093543604
81827
4972259401158
3891299
985988
13829802298856
993936292401646679
184761409373998
152151066552
4839146940425873
58028553
778889754
8284451983800962
52904211070
9571737756
1032099
39219268257595
4788826
629890
29413393797687943
136774921649940
254049275922
40056923
1083880518
85348792058776
337841295042
5212425842982845
18294466172351
993475461854
523730313183046
58785400045
461346588312263408
213015
32191
637976921822
502347
92768
2849746805
732636050580095322
85625
55531473915037573
8488141603802
178963055202503
722155040033369989
681623793786
89832910
2094695
9313579771995
54339865375
7488357171866
1045007856
76491
409232636035636210
1013974517791032
95037911
21408658770
913795548
23349330573766599
2296165170932
613283555172
3781746772070660
513190
37720528794
40999940458972334
746870935313993889
6842254546793513
198873061403344435
301890917310
45789705394602494
520144204003944878
7121565
34214240092037503
171966372642411
685515381189528746
938316277305657891
433086981937
218294
5194199878784039
796567054579
534207550376368853
47001
200501006116
952605177653155752
798095457247323087
2871651
72140355385
3342208773
63955
699901279676737305
907315139895
2625034648382071
336659304988
271094
777738482835
784848
4152642931740
105231811269
8948672367317468
86325240799
475296455
48256200364337786
1688009368
828221992158652749
29559170283
3146589
63068266766677
4068506994714912
719544
6921707
606711
71154018451
186618
84300291
5697699846375829
112585329323146
773255
3198782474954
31382064848609928
6313539195602
78962721749039
369430517868030
30663228883445203
264371
1527172463
622759
779594922069211
77139345914070726
388699
19563630468
4129202843213
966487
529773410
349454677560
178474216249575
328262595940386
69398307530
3805877859361
6059777979332899
25750403174
49649812739
995347
353521913170708651
18950849334256
3355307
23371854346
8643811162
596954725771616
718197743900294
3982997331535
119890494
826150878549304
903191443876
8660824
21898811077364
352106334
94346
4802494
17108704
31374526
15018725
96929
75187452
2146912808
155382789636
78842520
670149269922652160
32840865
37080393214870564
70344
4381692349140873
4494782581519
901078
30846144427169
7487990
68969
6341220400683102
9911286246
196430185712604
415579629
2527874402647
27027815538830527
79126479029
753139975507881
33011897648
950500483760
70463213191
28631
5021795103
767394792
2073326
394740105212041
2775984954131
620676528617041419
712741641849
543227697
322922374
59175048194227
53279486405
7167208
251177524059405418
204461551
26208916492799055
500780
847679288843313750
24665
1672880701267666
42840
406694881229343
1474648370454
36463
865478197820221
32522
16059093062
83859
5584345159
8184555
3085519075731568
402225691
959697
48417
281842353
75024
1412167
33294
859213
84626003780
3149726557
842487249393
417279498
8731350082187
579103
20189019108380
103953
57255996
2087939782791
3755217995
58817540699821
16884
90908635
205558
8450634
60367578990
12107784454652
843698
183898640003
1664990558078514
4509655440811
67638410238887
85651
8144999145112
906539
90615237875255
56266046676
176328726
8215387374563092
41877694
303866
18773579976
9088207510673
15181
286557996552347843
54200335879503
2019549617801
977548589756
12348865756
2902980906
16649858759
997345
22297623764
18298003
428209324126280296
578497826
5359585103
54683388791120
6903468214
89469967968565079
201966500103287
9949463973361
369180625900
79867241852590
67885
63425
991547
87922853613139
343513
54497590077667
2316350833271
37620011
907719
54809
10541734849805
5414792590098
64539692
841596445606603
232620157294999623
7307244662883
789269331817854228
21725653803
615723801
529683348312
23856063417291702
51871143
486260316195
