9282737345
9701082
63833608516234
972335790
929395456318
23430741
2865248182075440
443439274801
9830180
5388947
214847040891547
45807412802796396
3718463897469
7830887
46821
987725974633794852
550432489586198
9823040046712483
18717
5499009721538
4067984808
56619264
9651674705654973
4646418131
499803372206121
2716172852556
536896372
97135
191563263224
17631592060525097
139877875587670
34587565
95695894
984832029863
766845
24267
7780999
29176201519
4222431454216889
5272372953300255
5727631010
45517278826397
31542121352522
397849973
808458062702017
822189049
16889239
69857
42200319556553297
718090965
8792210231105398
873900752
863670159487316
826837597448
98815748429274
16640840480
54731707454182561
97538
456002973937321
35541476323304
941779927710
20543394178
474031234212
161890221108422988
6535723
93950696939
556005502480
1728946544
652402353058737842
587257725267504
63460174149352
1201562951030301
888737793234971
975100
641505680818136
914717237
4106631398151873
57129367
76623229683405
510428950046
455290791211
131190283362
420299470
962683458341
8615059986299
18281489983909
896315299726
129825005401
24914518816
83034582167024
17836093
1986438109833243
4115960040
3519389
11660
978504093962
56105633151
135538421199225842
687650
39344
848250011153626
76837648
5737919769717044
4967534
34224467
7827275118
2199899130981622
628793
80597
573428460456373
521214
43865328534
89767020894937156
602035
85531590
94468307
1011778292028
993414180129376191
827595111878469636
3487048
520666679
1758987799
53620796647916469
348061146920197492
35524
199322917804512
5995770012328
96635226
32424646205
6709866269150
5721532441
42420988320
30984217020930
8027380309
9305853
734919246052411
788955203
502157
581227895650
67569345
7432643767
2221545
89393
886935851593
45488
648522726277659898
173788591277
16048
84335610831976
4457034708
62684
8239131378
708792389000121
78831
37464521890561
444311
7434177
924346241149
71879126664093693
93671
1843819
9072955284771164
199357336913768
9326110359
9348819931
11994961533132670
567066
888612
20798762314203054
9225128468783340
42724388858
6966152
1088668
382003
49284637397
44837417597765
3192981852
9966419126343435
549956183728150988
7445424711966
58304490058238437
1098190580287
84269417341165757
5894349
159745541437
3749664482
22438021635839
924754064334342058
5706689
54826055874862328
33181
2538235059642
7503430562999577
216774
82882
93971876906025514
669979201355013288
71431500911950
346333
56604062782734
668864892
949831840
2496580
7263826
6116807057
50888713792293656
857772455
785655
228293
3488401
6524462082638
9328723672
423136
26446709989
373965577029
79300672
648993940692441992
25764512143848798
8186516
26131193039
826730676
6613008
54791
7331741011
639808719253
88085
21414175395366
8463491209807945
66100676807644149
391656627
661624098632743945
140317141
62184586
9084427982384341
66123
76287374017942
162052744
4722123688
9529310196
8954851
483248
8435244097
1750778657
34134
565041617725300337
604943032514
4284949
53013172
558265916664018259
9913465651803
7988824
593921
311231
2483018080525
662650
535099281097
29865866029408
23774393388830969
2989836
78899800963229
64845584487
7091581751473
74539780538242
482885381
26785014033
698232855069525
3356986661454
350831895794028
94868914083812
726301
63217932476617
83123147606046
558233691491
193036952366959444
454839148713877723
17253618498
61567426414
699913131382
3793292870900264
921107019477
896027
41646023
4555343
14631570613043
9116055281926
84292936
235850556043
4513416807421
355152870147431214
35582963928
3207388277407217
7502063214741881
144000895237431
2154758590162839
48487726365
425474
36022
98895129732
260081666633163157
83105846
8625156
798564
63258218
64492566300243
762803
80982872733838779
3566016562
623985
11541
680899562345524
1760408747
1524398048
232651763
72029440908
782621407536
5152675856
6074607
71770819170255
169547910
810491864
6345383
251831890744434
503621440408
4264815362735
9761175155
73381
800065961693595064
40591275774
483310693162283
1177404
976891444
626089896372856
9772702
500708537
81693745
6494849333362996
24693872250421926
558042048806198
62741299
3857903340162940
91254
1640645973
54474113399
64652530997051
741330323
9695645602660275
727995074553
20863
3061564445
26171820250
489977307963877460
52902769662
70658481194677
811407681370311053
989029880
24594217823078
2696230456172
121153434866304
37913700348499342
807317580351907932
6639373
92328
71249013884769
197414324563426
9025601
73565113581
1317824580340941
720260133897664153
789936255494
844334202720348278
22143
37703637168802802
8625341813
408601525876581
22388049275035
87675253081403
24964308213325
3749541
90995781
34201464032759
721296230888453501
63617463
7246694933
71607
444248693
90581018
409052498634491511
927378933888091
89256666853
4299816942
12996467329
6677698889
873846499428796
1424729233
79763
33625
1120032585
656711760845036021
99527837141040
551550097424701126
59019815945318
80934403030965891
369573566
47826489192800
3186983552309
7141145802889104
71169
684416603
638920367913
33235640525297
579592573778460375
77641
53259902
4382764222275063
6570445183157
9579990
33506497884
74586954966
877913309435129
117101284
677505826550875
70418
1488786
332081
30896079183937460
89523212
42588516
97848053510761
8901866662045
9948832
2440843630685089
5158209726349
4131841622
89790518382424504
6606994576
40223993787
669544144
578875618601
65885783349968
59782237190667
385103959542090493
176829
71060202568
16987469
15097782183276161
55265
67195235
662662883618147236
5717694398947
6608777710
7612499863587856
37593975842524827
465101304
2014579
409968316487
361123819074624674
54128
4441366
107854157
559576
4623841309
2909006
228864248848
477939185824252898
12340196183
45402641059586200
862323182371924549
311215786733
816441249712547142
44274489795
8192314318
19627730592041
64761
54767238
2062157604654
5088878
68399843211
147891842156
28012228558683
3950003
80211041974
569803999438454
869910
168794020115
645841353807735593
4879930472
543151586009642
8953906425
6530860512
91315259773
30592782973239
315435902
313894885459
38847623
96382660116605
90121341
6846978314
19049
83169422
3912611
14723522431
175873369852
8296185840
69600788
3837233748
699551986212
8440034661013
93502955503
74648
8548526
614517885624450
64456006290877
567225531659
869410
617171
5929196482
488091657357345320
37737272051347
28036067481428792
8277380671843849
8855133
335987030448253
727123948764080757
63930710532305
52545812578505
54665343
7140632926738
47840682302859541
91856519028890434
843745792562228671
804744
378047253
94310
951563336574118004
2935415
3277308434805189
149059
771874104712998699
259036536
42251192665679
72253235
702813291119360
909133683307
28219
92672598483
526922719
613504
676835
7988334076416923
6859369007
214464
7748077
6243124404766
30209164932706
317992
8747344639775
586941555361
345059
707331724
84604370865263885
29971059745554
4743223
474566431
9634049
7426662169938864
4661679
3762048
600101836372146318
45698346374518048
4592192673
29456008357356009
624554695548892
97426996771
77213139
68658059261
789044192552202
47998690960
648915506276996
707938912
692603179
710499166355
313377
16208563139
7031257971498
769787
18894
6986504128950
3569050810594357
87540458148480
1014638
8737042593141642
3568876254
9805768631000
17914377
966828965
7154158854177
96956365643832593
678266657350253403
321493
89381214
938746808
52485
81239
751654284955496040
190668936480731
9138144669
69870615
9733186
926405618432
170676202
5718735829186998
2783845154114
43960346
3449168
186721143379659
64011137
63405499295181072
703756136
5509722
7458428731551746
20800220
1287515090721799
37829932684
6072640408996
527789
119884
658465684255463590
861962
7597707661497
119733897329409618
129170912312527840
571154
851244666
3265168479593
22038727307316700
124858715
47831
8273935181312425
512660053300
13803
39367296510998952
65801523376
78873562
859164510439
18985100095
36252435676718433
60436532
63679447164
2306299055021342
789523227219
68194
101607
37562682
57152675181
80814298054107
952991349310005782
899042221873967
26888969629
1392989081792
4595208905445
5980702891857596
1677018
700019
216404267
38791
384694631
41114
410751172017
4217345484127
80670468534
18472995082064
50968480
852304481251300587
369936
7592364013
876419330963
18633943602
43465839693932
8616949693086
22583319921355
45861608108541501
234003
3164838
943401404
2858592363958
91309292
297328676055408
784478274033013
5225370509179
73592434
859316288540633
221574822945
9996046999
222966841598122
69435795
381048
22740
61859237
4646113004
4243425218
182692054
9374796092
223779496326380
912123881039
99831
9299344017050
6580209951
95976306
599681
1690625952796272
657060
7738298
7369149
162685
63981505755649
988874
7705502318745
7001719
5520739857562
526722066
28053212229790636
88451405632848
822680
394141606151000660
8301535627866585
61157313906534
2764343630
12899329125780
13924281687
761646361
55097
503052850671
14347580200187
633745004
5711647447
128240267384867
97260
98613150136
463832328
64492
51044
5118307400912
93268687653495060
3550369255282358
7822541739
529958949367563856
25978
41151496202
513481872816
89705824593842
188438
919460
31213199
822135320036
145611635899
293190766
903285571044161809
26765272010333373
3421026442016
756272810648
9293672521706039
481186
302609326363688693
512979814463491
756449139315
464343706607
578242964679391096
5992264648976
15505
904884215143954004
73502130264127338
7585360409
7518065
27801831125921
74937
49934726421045560
23999
41325268
21465345412539112
657909541731637
817557753
36810511159617577
7939065144036535
63275088143832
369703176
795336864
83319586113988
79572891281750772
54017251561984217
631160691986926416
631284801050
83239760
457923809
44037477172156
6665361157960522
118440
635178541
285809969035
271115610
11404886486503931
92789
59773528
132091
9478212799862
69392869609678271
21657309732357597
963136425765
163995407782132
61111514
52975396356507795
56050
596241844397254257
231046
68638087
67397865138
78598956
2018033834344867
315564
2097333530767097
2678512649230471
8257542040733
28905090670
23701191127403050
1863948530
613914
228323620985305
39964788
38745601
69500539037
73998126393
83574309867086
340240274155
81191751300
67709356896301
8905228309
921445
2516181327
99400962
541436715454954
70801654377
303419040257773634
20366
8732497418365
99890458099421
952116
9466880
16703
6722862064
9973415255056
932029524134831
967342923189502938
263647561658
44717378295837
536803896758965835
339336576
5805818263154715
4435071
5165611132697
58162817299595
4693200111374338
459529335133574
1128709654696
5769882522
51770274230437
87337232369
99565242
159993816794506
3639949617
12099404542
28398441691
50641647485413996
559590951450320589
536558701442
705516759
2890718322
5589284285
76793031
71608562
29104562610303608
97226493351
670070377
1354616898033
4819816542
9315198969
14308794920
27573698505
3321178365
54010412230960477
61952
77479965
84195890563
1146269
51451992
649629829062
1436250749
65471956339592619
336710292125
6669352384
64977686
544696348215
36650
9364946303440
218012
32451263144
172652314502
83777129612445
69132675
78828593
89249758265
86858
546489
8175048609933704
5276168244604
7482608291345
7851127
25252
63247683822
403548185
99155338085113
33812
2847576664024687
86272905657971
844844147879685
21773
83228919
54423218392
705518302
77806248026
7354064029
861708697
3795523445
151577119
80645
60988
7725682
5327199
79953845690550279
5821602480403
586193223
6944749
15500945506776
91819162240361010
3821356139
406796118
96284759294391726
92865742541640189
983787104
29095259044
8944937
5230195653237453
865947780801
1804299765
903344669932270339
2178134
13488874912117
11434980154301956
4999510856
7382019236
70524
53049225296
678559704
52511
9295684120152610
715795602
7412474752624201
4247393952459
822576705
5059707914261639
3054738962526966
658883
70554056
54022
33732714380
88002918874230638
251049899
828311888275192
953930040556
564037
10268900439267
20418115823
304377801
2067624219
9560980849158361
28817854823876568
1430404111
50605
81649276962
93401610979523856
402182540264527
7181024166301
610532
28671449936045
3830003354521813
8328309711965367
617447
9873243285652
5453035058189230
15945
54029243197394994
67494695327
9220203492621359
43270
68643912157772
1168518341258893
638006356
38918884
59873121
10439865020464
98592848466439126
796490696426
244323076697
28910878222025
13860
6675011419
264466946826
7547412741910977
5075653945119609
6260036006233
9174974095122355
1670263014
8127831193
15525602627
796967
396155224
704085083
3900708244819893
32283
693384254536874406
700370451046868350
3886190818
94485612216
154885342
4425670674
17238380
7333596689
55099104
220339307937187
961551673633
487902169285355356
912816687
504498376
8528037622376
90532160410274123
509720381036688
9158085756
44882008
905428
70439
8971299553318308
9596524
27036976638671
9884870
932550
719192123377478
45160
244424248
9890995
2281283
665354677430701391
11126987
4231608223826941
449393
40055
4884761979274803
509665
433104313154197434
94714
982965
55308376830
725178561578
42674143404577992
96661088021
174145000154
3594682713664273
677453757213997973
82883419356882
9898217
298333022883307
2788981660783
6787164532435470
3870302315497
92681892053
55984
169659141791
2795577
418595
798505422
6839876147845977
258062366
1106511687382
3557502
4142899561
402341078683
91865501833942
175904147195023
575804309759815
335968088
381745189292
92749
562750589061
10396
92515800790304
9522649
393333710435
38788482
60911839
25151
597618875865
8274575922
5150108377639
22624775484
69713
9437952840004959
946190548939546
38744452517032155
8816128
352394
2954609969144
25010617502646
2317884327615828
4426953891447000
585826
481102
3588547602
8535973053
50801767
547793969652809763
303060
93498
3450366967594
6290829341
922017273751053
21625796993818247
70094
7576560400740469
58974
101779649098499
27373913644
1920371359958
44740076391847
9645334920
70587928363
6501579526
77745292
33066917932381
3454881796
3738284215460
818513477
179302498771936750
84835853
617373
813922
8860878
66451999378104
15694558
18679203
78309944138908
249836023
96450323503
89529573799
928954252279414
103826969419960
460782208576845
17036
3652568956
29982080627665
956946984
15009
727070
12035134766
28184
16307271396
54219198891
344247739
8750897531242
22890610190
33093933228283466
8779161360594026
1774874
279025494
28032026838
21919450
585218449671823
1165087184402211
1359254267
733754074
912548759352199951
6337228
93218828040487838
123277874
197243947
9655641708891
13746581253
768556
720378749451997864
36290
811615145
6347819
66771247
111331925
78713990
868525511
9752976745708
253213575585238791
512583238455830397
34204380
1611142019413616
455983699972682443
615975992
8994480914481193
5441732
625607949737328362
976933640
49490522
63818424489125
4914028246854942
66412288416
4232781002
815807
14476
584469
811742098
61979914
41020031239537
9395668
70819693683861
76866117686699
290858220
183325265232039
976635951792317862
72762546915
936348939707090423
6534098182572889
21737387640
39331196555679
20749895252
7238059606045
37408114488
919691410541751
