398853567507
29480145167762
19327881913478
686825882020
58300358424010
5814077023777
71609432682
22519891
4453501
487219847
92732517380535533
78936671606996048
95964369832778028
915472671834
43325453916584020
873558104324325
909300309261354
266029
1316965111353470
5615714191776
9952540055
82943
24755
7666611
3270610
980179303191721016
320132
2756066342768440
43100014
639716988
8461018407756
15876149307
75312546542291300
37236725117218344
277737125923682018
51380
178218773490
151165412938103186
51091
93819587
487682
443619306848888453
62518444083
94695958924
97703021915191
18163835391943
36207
48038909618487
7370319536150
98185
1348422769704857
792988
493125580825
39570189390
49831
277256
124880307251
327817441126990
99828945689422367
86536246
76287
332232946072925566
395400397908478182
84807
4939208
491495138487366867
3129060558
91492532197664116
55849363302144824
66255656711
7600218
5045285911708
7035593132579
58326
67525544583
4863900681
32686803274361
727077172664615919
2584384
879051
468118160
843824297816201
53723331780
836756088972165
791363928114436
27787747789773
243702583586
9632383212590
2820127211498717
18533554208467741
9382401424356530
40679325144319
27625780
8150175470541593
13490429214
85640
25264946
376224490896856716
55700
2481066173
338733794014592
610310
9467652625
778209192
6889816883405
99531304272361
461642493
19582420
186518505193
88374159281
5490620490943147
42853
3763436040
5345281403
9733069205022
7049153795073
7045096
33550442633
90196202642
9139135463684
99959364988593520
1089612
8839704
7899963980
60225687148
19802
4110462060169
99778
29045093346549
16384525197858
598487440908
296917247065800
283365732546018729
2971436091
11771
6413396485673
725525725
18261337810413
74776939185024757
53537
4050074697918943
30123169
929225131160620
825015
8947736
47862
453726777069
8994912
72505525813280
5186724
998957
17189524901244
66617888
180536285
9391224629109307
67274106337
901280719674
968047600
90385
15453278078418956
8331428
25402475810239
43223120
73645216557280828
98707189628601
7135846
436240378
83825635879
2123212
849543607564
277507794227596773
41192931925285
26262532060713
906369273005
74689115526259
3194464357
3026100831026877
296574457
82005555214151
5999843336595
59288
96128674
6233852454
173285654149
987053892
993313
9373412355
4140277407
3678231747272
8096200146
78078218894726
753393865
10054
765795477883469730
284829013058542
40676266028514305
84688
3063386262286038
69066396905999
929511210786630
2291994651397450
7964778245
46091342598700412
605359421743123
91140539765772174
883831646
52369820070
67650
75290061
9468553275
50309
74323133876558
34367538051683278
321266675835
441052876664082
711202
90765
694000282
18508833965
3733730603329
5708846309
6682209348241
836112835407
94490
88686138396452
687786050822480
487414556456
168582615326927
4281657482907
1919217
616598327807
3336717
6533939
21067
965545294
662534741158
385452863647369
12615789600612432
34253682908465694
8347506712
4860422422
40919262
6023872293
986836300440542663
691984549
5981882385393662
63860
930499554557650
4930006851
472380
5624816
69666951
52392419932704750
168830163536046743
86615
7165586594968177
77984
89756256679
382255
819319340230
907248275
58285863946618
29719248446627
65258591
803983822724
2661340
405498475
41865501
6204151574
55187616398557
35930260
3936974684785
368027615328141
950755444322
9101191
10548769856
87874297078
627421489952
76254911
328183206270850992
6503529
6735154549
7539105254
51210192511082
7476245972
1210847133302393
523615
63457027340
33019828
403277802500
466009441
73483672698205
19911
305626746786590
257404
859774593957
70886710828784
86660079657780
5349987
3264676255
7881124
664067975929748
56475798
4257916843317
39792824233565
718702079998933008
53740379347
457664362989089326
500243178782603361
555582061824764006
744834592
291973
63431328067648
853572702
481585
320589
72334
410727975240518
187642
518419332
881630
2648512126
36661687237
5493701
29108945320043133
421449288
83193171992
189532283174776
3899047959477010
550236139803
319230909085870
7200014475305
608126541521758839
36497729555332983
833139899
77192557186186
60532454008240999
396248
539441827455
43341677223
42167637601560
23801723804
94824709034
202724387904
24997745914
89665664028124987
846168732693
90715548348645
3911197899
6490235572459147
511497296963061384
31405180558
120065891479
9561408791744
2677701
759848082176114476
9287163215634082
68067
2743086479432491
9097213048756
257940624
58968530463
23157467
1531255642859
45603128157458607
202529813869366477
7480257991024
6281448214
733831845510892026
8528089539
36877592779
2806632072
2134218237171
6062659
254276
372293375411869306
8067827
542097316
344503359712039
62981951
6531537042818970
37239775673
279620771
140951198993516586
658548301
8655376
11431105
275945707420762
8891278550
31394514
85712395083
90303067126280
951755281853857333
5545464087066
19800252364
71631618970638841
40497791
103792
436339041669604
9942496138
89951806433
836233155464
957101
71911725025922
44116390204
87803316831621440
8412869499059
64438117442390
5195799167645
56293564231852
802910
7076289
9365107116717540
49761
66651933
5310219383
675565012782587
4393666253
230466021667302
73749
782823408350
7431824
698041
436483687696700391
66909666
72298458989474776
683436206
84754
888134305112829
41696523213355246
46507035
71899604627583004
280196624515279
182974497112510
909607213
9619447420
99184604186089035
338656770641766
252276092515649618
8998665
9894978676947356
865080389
207226803
3273027018991849
50818448434
3355134843748715
914170762786170
1563357
6770666861861
74901012009144597
352272858005
122000764520433105
5178730018
46823488110614
554937
622426864
62245700427880
2553300616096
320258156007319
4613502268191
2736697
99868356057
87127462511584
6787017836
65686761793
437136555446
523747073825643
756842
500211815918
38313270196530715
91741514288222133
26323339753
935194
82330
8362578545869
5043999547
12470458321678582
577759238
17970033106519
4333625480
916692113656
392885423408373
9467418891
84264951755
7638560
91660428720228018
760341564
568276408176
21294833795040293
6288525342
7968418954
8539435514678
443533314580879708
29271834
163270453296
41301803097
22894642483670002
5175820970
42626928896497925
19908861597
5923412475113062
4111814655373
9029300
54188299
760168
701094840102
50969818
22597226653
75008
550398
847059170385663
79466
3682800973425525
736426524
365352255057324951
68655
160942412393743130
703080980047711651
271297
69762
495343229430280185
6801433
5461206
42845271934085591
7533069034
6730171
1053380
64435288
6475058115
337510913720045
552982119027
5919940745
546931716
6683824
8229330611090893
402877904304288515
43866520998214750
440569889200
7125225279442
104245
8233601350
700465441641657494
59331979058902
36090895478
829498414939472817
7618145315
313672189540955
5476308
30818
999900924072
87082
84301
4386460672064
11827
6051761
742540236715
473520743337
12603694384120
5281964248
18617929929976
827502729776
204889923396289118
83115809
90028732428
5698447933
4361146902877
90776
1802457973828067
92246356739154404
595531128
431994959
749739
2349927864
875331
21600
10499481326323
20380209659016
8622102727
1549784300
9713943590404109
2125350
41231
83749546289
656605346505311
7749012689592605
84968
6568676085929
308751285972348
2044529097567
277370
400536
885348074679783630
68532742409438
10527608
605603
39471484492634024
1466084320088073
2298583929
123660327022
8111892557401835
5121109897
70862
839940052020
2941642
4215134850
916534747823981
45912
233663
367721
73676049066805
258483359
383885573041541
5290827719848520
3573348960898
47830
8928144913855
6029632687480337
26059
18608918170139
82532885894155
14018
2517463630781388
1808532711967508
3300527072435465
956395
43256140212502
717874111358906107
30337
91904421
38894395
93232035923352396
1992136671917271
12596
155802860424947965
323745795671759
8290007625
51185
71893337998
40549501786
43105
998775607250
89131994803
90337210
876674106592
735234571491544
966312475966230
95719176911383202
39597050135
3628745437933
546045291383171156
717911166918010
3401469
909585511
46629245996311
46815417
3676740
64330490935
962652315043650676
595267
2128414043552069
7692207836
610297705789477
4294841945
69316213003
46634666138588
95611
662946551
1668188416229
2154537796
179936220120723208
584847398716300650
6988617
203929527511481
8810921249
2533277
33801064
93679281735405
385189120549838
88394022
45564134969
964182694572432032
433637178
3929556303990693
201615694894599941
7518081370312
49804557962330
7228503416468064
757993968275
8662528336
731289
3650180
94804313
28872781823941
7737577026232
2863472420
7020103580165090
475691602
473752682
280426338
407409671050490724
308101767454789
6540877232231939
1998025
933980490
4149816935858062
49794050563543
3955789
64646057192997
56056391930080
624802526232863983
6456759420348918
22001441666
653788829526432
63784193277889
430932091027465
14936535862331
750796995418
12104
57893919845012770
61977346752
338580378747790095
7409601418579443
26581543963
3850954255336793
467587553
2526635196
71792926
676415
6173051690
8241726941740
449894365681699
362500597894068863
74126891668
2728977952887
41046501
861921626
9562924894988414
9163942974
483945679115499
10701
704869375643999
726768563
58365114
30471
17219911
8920160111579439
76851523738
67146164
129023778732
51840782703403
72725348
5345803
41167184
8496458764814
94976410397079
15446075490297163
298231615
7556262833
9492829677245729
8609732
43799519849237978
7893610369
90095877311045
9796309438106508
84912
37823461
49826140358
28078741450839
69413
310009796543699192
661742322978336239
839144629086
81949846794
600076639051990
531041
2126807332384693
98341508145013
242609110245
3956234
100680
65694646
79923
5719695
892498304480266
6407415620868
258697231558708
24490952651
181419
840958352739411691
804677
250067418502521
1739537756566
60535
455476636
7078703877
89477364728170662
24369
9969486957
19481346992212740
70157086276845442
5270929715
748218
7685081999000087
943885501221
90868739
98145
256985258038069423
18710
671407248
3234473299
1331317872183319
995847818
42057
765635224
6324145242126
3365427836812343
4164238999883
15752136473384
1753139750601271
295753430446
78465225
4177895782
3096336134769609
3987714259
10208347979
466052209131
7402788071
7810335422
40947
53470853
23763785161
370424086899
611186231
85522013446921
81649089
9557803275
59042609560
95208614915260831
755707870713
64443
1624211558151
571828260543
94921
30163989785766340
258197304451
6782029
5391734
87526383597590983
67710
29647740143
8648099
4642163442806
70569833
58346565583
524686700526
888202
77114865564847513
782475335424459522
75163
6344486956
947729055355
512489
671028179766455
39059
4846016225125
2628408952
457892
871011807114
160051828981429
43378187
73557
386849783626378
93998
51839501
28093910354502
4793947937787
26643183
8506001
675353110
598035326357089928
4334740462646
6106719
2453150352456497
9023511985762
88342138002
33813
127482405827362739
2490410345968
650602557
539376232176271
17367558
132960207138907157
1390317926
6710004923078
5719930122252
89789
10015
93476580282230
91090390
7344184716
5680155134230653
8440712
247666256081
566051
82199782080
227377556306227
8481451
64272735694748370
955379772
395076530
8479200681483454
803351302684325718
52367214610576
195332
51318873212704
428776173703573776
239488026783197
500698708165
519481953134
337338579323587791
63166526
9129082922310521
7125944491830335
120292248
37061646316219585
45687058
274883530098443026
38218
4964980099
508185791784569605
9894019
9162245369
698403
720446738321628
1313529697532656
122893485742
133992834390
9555910
2685965118
7354600228589
9535348154560
7079375985366
903448786124953
99750218
659910945291
70272
8819889
839074585935828
62794984339
910501386684463051
33854443143328
5827531
4120511
48162321031128
97694072105313
142978
84337
293174
957697892
24268
433238539
643404558403641
626384
880374337381
3756992134307
270928595140779091
8483277
75198574865060619
292592254553
154869
824935457369521367
621314566153
1467640764087172
89853092504
5427966662328
174403322
36585105610
106143005740569
22548324
8810365853618
461025088237
317227
79199924
36481604
77275460
8870766
4912813094
886806242
504975158084337625
470048
83988826
180147397233
950136486750121
7928693
74655
502022685758
1733358023369167
89991
40093
914875
85059148
808912309372
59510526
1241030
55498330977906
82604367
420926294590
85588998
5573113233196197
135033427278
85236154152540
8527383375900
74548
486219073466625855
83910709
115539
96586521102123387
208887141
82147896683
10611
8639702983
1327769632825
7535099638951455
37019
715998913593706
395649859
871793856955848827
93179987420524723
585738
36279187
294288774743470
80138841
8373632607958
65861857
39294990424807910
74523925869097
86298468065151
8169983114489
45062
8712519159291
5561879242390045
2793480
1627465976493
78933947
7002309
7404919
4477429
594468425
338717908474097239
4034726800
651793140
8454987626316525
2342874
403157843044509244
8733067
90040177
2743826
5471545461
8497543585
29480
558924793619
377740501651
43900965
687384697940
57304541854842
3330812768477989
547853794
341237
548397257059644410
7765994637534536
60196169437
895242961606385
904471137343376
22716
9041704891573
29175184327369959
11669353851331702
2414971337
9997199982764
7671838532036
6180119
812915810300
108622792936
42051407
635476415
32951140367926020
1918873003
315550569
331170
22925567563
814231283385708
2227768
76714997
54693777
8524214
991897757237809
67252544321
2738766690722
734134278595538
1118020674947
463516308
77979282976415
1756771158813
52442
86422897925120
6819256681081999
25188229571845
55928
709556446812
286397154351
793049750938704231
193340656227749835
38541
3758171100
50368376007501092
62752578056019
27539725296863411
793115
9039202119
628015280916
828127
5434474384763
5062501324
388385227629
83003480
419246
88693442
5112905
52639533
14185
826614817453
2823531930483
902641635
43013013303930692
17692
49907751676681334
606961
71843573929616860
116604
7824148028340
65465928271
697488486680910
132946166723
717621688007698
52943721
2152577206086345
938492254
296447
532050
311383
39642139584791397
91167
71688
227825491188
15609
603265911992582
338413842
18971206725
3739893910
8543944
2874848824340735
444232876424
395454320979526
32478
5475164420
384141
157680175
52667044285
322740201330314849
25995247713477
37599757786649483
421301
18168775729176187
68262882268903812
178890054955841385
211205
24959
5171199946
7836136615402
23951340697804
458208708516666
34169
4323791859913
443118097281658
315394577228063
358554421
404295139
7383208
63580310283
1938197818073713
459486651537049179
496741809373150696
903482538
99050336703
506283854046210
89760956545
57461
343076
2503798278102816
3765170877950
22099197298314
548338
382003020673138
84423740266
848377756958244330
6301709
55169994
871358943166769895
5209597289559
651156221408
78236914114
543702336445
4964748350645
270666520634858
328466
58664
276475819
44020071754034
27315798171041198
7428248
8978589817013893
651291
15550912957249702
9096060476
23725312243543104
4547602462131926
39058883
41712355716633553
85754603546
61794193913009606
98864291910
32523153851
7658595806536
630515932317
373833
47691808849
878828
465877
92983803118529
626212334789476055
46057506
496741888959622583
87328114813570
890018724
111611026279450099
24956438965419
8188849
475445383144
1691741328920
673342968654633
29620242379
13248690084118
5956296823
2427129863853491
428797490869615529
452580808007
304014854894
24443828716324
6861462645931516
3272760765
1215292779096717
6509138206130216
4921369785067489
63279248450607
950265778761619708
9063675707311
9255397
4232346469
88093
23842
33363
38954501
5859717413398503
128214188
60707
30646997949438961
394847498352531
5511863239747
6704050342316641
728238418897
16823
522743854771353395
50812495870232712
935786966896874
1259968692493793
979642768922321415
744960631200076375
149547
8471997034511632
6425121336
868920218868
678775283152733
9255854160717800
3619476284
7958491144536
64493046080
38431
48794086107798
88600
78325
3601271
365279
70775396211
421746345468044
537777033557727
21562544565214
60634
897501126421429213
8911013060934968
8414250720
437994
7621593
65433766
39820529179705375
63078637431
38848039
5018350
477507712
50984903622
7233235827992668
74517
9145386
988631972
825106492662
81925726729330
8393993951085994
297925752702764
898516763299500914
3171003955
3454084058192
58811693012575
7544888
6644123047734
20248691884486143
356642908
42886405201
820962208856821
666378904
96342548402981953
99793274927963874
6035577124166
375038280
4497049992338
114115449150
7305729511480978
1744921451416181
404087241858
33226475
6511405067797
4967194206396
791448109
1083477249767
9283037399044982
645213188885
44300404
8754547177164
313108285969031058
602335151223833
655894198
18526435011070
73719
835216
33658020587
163623
19953954401977
999189978182
6517485
4993949517785461
298924034166593456
356254
59066780
2305373205
588233
919054
63251899
8334327545994410
54845215762
788838389010919305
292393902936597
7262143816530
3726465227
712123406759
241819319
40222681284218
549497642
4324719523297
19769333
959726755972720
9950365274487606
892729453260620109
85464
38279250946734580
867100338750235713
44181423987947
1782109397013506
12988070923297706
3181956
74172
452790982408579
589426
572823851
927253170113162199
550574263056778
33222072
3492108702214
86521747728
8421731717427876
795351882
155745291643
636490516714101
743645384453102
66620
873721
319215
40484186
479050109
787407177622669119
14102210393962532
934648587048474161
789673
49158697446
10469675768954407
946554708
5819748356
508058462
867452062996680952
34937500182
254709290
962906168245839
3131351221299
77084369091
320934081962499177
9187737886560305
3208609653
60104347
957783
604492145
673735464505545
85425
115541856630345
98182896587948443
74462322386
995332982610
2249034
8207880788974421
22516549034
7544250033855769
2480554901012076
96934398
771395
525408232369133
5247529
8511188272287046
8052598
68349619
2626626210792
784326820
16847
7343108174907423
53697478080376
83676260668718747
443866939583503873
8900141792
9563427985
78635490268807848
3830421
40045716
8444425
493142
282055887
642295
43080995103795
7817615
2630322877
41500565
9733063650151
3947710243
878824745913928192
889256941054
794369053543913
975944235280241493
3319947998327844
657688
538434571
25507466438188
835931852704157
5533281392
45310066233174007
663181
396141
88879544211585
55451659651580
796803911
634562
248755
8163699739857756
370957246854195
5765971
73682315576135
882498672225
5039241877
852599704962897
31827823
9455488704805580
220527415003994267
3849411231224
18875
37457908427025423
55326753
962783236964190419
5370181990
355787457
9886583943
961770098
5801757620892
1871266
2865131358217653
877696
48426150889
725151635
82898793929
581286948340
97993268
400433621797
4965443987386952
37807492
59752656009
771504582910129649
554787239
8647409199911356
2645551848743
801776965878759935
989093636281
94948
3051090
367097
715217349471499412
15681113877
22705268
86935562555695
5019371
357736405343885145
313825292666202
993042369
42440856
3034296626
82695764423502755
60285740170
3600682
7540071715
5100478984125988
9608698820
3409814
7093898627028741
90360611
823339576544398117
6874308621
68076
4916030358227
18225935695756
671042488209650210
20355774839071
77413971678783
287526101793
314655609180
58281959234352816
962452
8676373506
83855492721208536
858162351293
332566814875
9247792690019054
75643606194
9976751349137642
189143808766
430678
59204357
47640
3400424238614231
8876609599838
295325
608462876927437480
240799102994268215
521691780
272581689961134684
6007471
404748271673
2194167
1374812009056420
1040484298452797
9394658679486
362888
995090495
715129220235026
582459878
65452
406513785
5832980195070416
6277644
20003058361
655454960649433058
9419673236703663
13472322033760849
399690476840
94301032540859467
75977078342224
357834698061754452
91082
57004007452025967
86971
59829138745
444657351769337712
10868997421404
4874381927
4268670297300170
2688877
74790136385181647
1755673361285836
38711332502009537
95752306405
98827404
97121461
57219528186440
473373776732885250
76123987
2049594
196417823233
12372809559
672767871477
959839816895055
62392134825470
29354753003
985399
50396065695103213
80450
506335693826838
9725048
73625944393
7370938
154888953388
38938406977
390655776087155815
51084066790
7702574712
1295659
220156158216740634
3725513990
50011216278935
52957264147852
8283279499288
76281203
6758886124224
78134114665
5466443361
892262973896
490204319096379992
117139394335581724
20517627356970
5793885
72503140
69607164
330589760325234
74161092051964
1712728
9880525659858
533660
74997836450844224
83510327
97040
50780485782097
510012574
620540798324285901
89755518346737873
8860058536
3892519225704175
92705021
369739597713395960
319952750
3675360
40464291695148
4555842
133517544
424116071
8068891
604623122935193
685454069409708
969084043770991
170462
676921
23407271148915
91152571
42269130576475100
9902889
89897208047263522
8675979
5284496626133031
697833013
33229691424
52616819386886
806585
9803036
112790017595
9371561642303
324176090942169
71283877331
6237525
4572280086286002
20822433227982
5595782631278
5044768529520
7811460
1433171204348458
29298496594
587435212755
4551282382286237
1484104064
41141242405727
82521
14974769491036
81303920011639670
9353008557
959565716
765271575515
31187
6126779
848448
72233477
308797605242554
5229975015
75805
765938075750
38901746822
348795361230918
886695127
993556597926
196650140417624
57750
13165169
28998967967919
753065
2930458150078124
7204265559092687
48073
93427
1749051
298609830
130356509728
749714551703271644
942525144109200
70434726632
8086176868309303
219490557072257824
514987349069451678
95157385999281479
2060978616785511
17306154613878442
4706677983
911806274101408974
207134508
274497
87781887
998390480177
32584181063087778
610261
38987650247111
557586436390506
1126186588736
3363788843897199
217848767409022
156518
919532
8371266803821
5106165
736366
6291882263098
75397092
505755
1996002042511520
668713217
43977
170217779811199
46681058692
702032728442615
155415224146
912679101868
772576714381227714
3164427754580
635922
16728064222368824
162186679153
755947501
784353774639125
83807
16602
265008527923421
19932972653221
4805759278
322150246789
56454
163018334316756
155071
5646302695
90628565466426
50104177889
92967
32089
8115201429013087
9617467557250169
3842219279579
9278821473706
301519231
9029328704
251040657851499859
93134557215854
96808597380169611
5104550662
32685463659767472
754997642
54389675531329985
1355124
23468386201753
641049274
73608599879303441
69502
433954338068
5673893929573
56386556
28070641951
313781
7618386971764880
9175984956
1558398
753637608808830389
4191761430784
71344893419023903
952811618198455
312662
88465750832
49580965906
402078639934963
958788451
621446145280909077
22599
5307270454837
3233160530633
461885893273
98313029654439
43413702482186495
825101382227561199
787498
2209039520
335315
66351068314107
86760155336042
59322452
99229824302514
26776970
33588006851
71417745900043503
15216209412197
6084259749698064
69092401323
18767514733536762
59163054521282584
6525771668
674266748410
19084881517
77421609176959
2195375425364608
2671734814395463
85036733587
15926
913123695037210
1718751
296342
58069232069563311
587266997
8653579685460
655181
150081209620468019
1946248
943052229999287094
26158243069
68383916
90151734343913054
6360198
10036336739286
3977959088
5513141
100583745256
241694930738377743
665931136705
75876840527439331
304591421
694499763845
856590
9184786
72035733471
866927619
4612596068517
4099433
42909
694281392786
8293161
38885427139229789
2802895234294756
3480968191446991
227427719815509895
45602186
200041108774136389
8826220289
528056754060372
907479186118188708
38687200474222280
34238
3625537566490582
50119340
29127970797
944438526
82293972282
46615462414170485
249204685004633825
519626
91183
6012196
943021934080199
991312695
33282184139762
2668889
7618776729
10503945304622
752386
8173158850
493807105648288
853588129983934
26701648
709700830643
97738605165425035
17368178381118858
1358960702880426
642693
479666570
169242757972
8927521770
72233058
2127044652774015
18912973
566092975466
7427279045
82249
3667040387797
9161408
4357428900
4658531381
20482
480184880
149988429
35964105915
8153500678
3094569
451409
72806086249
93961
998501849955436
3818306467
52938123658
9562111816024
3122301120316415
5699893
71953232902771
443591930818046265
177150767622061
29602446870263
8428938605
28681113
627489855
67597
6638319866576448
543432670675284
492126419
7261296591535
8426648
31475
931270025726
4513049564749
62532309992
508888
787190579
2680952148027
50255887700
4109148
135265563118
410373495945
671590
22511669141435
882142310987652614
12645223977
9437287
94334001840
342122334912181479
9940930633117844
730635223363
155407883361039230
91604862454532
1971126
556914
750618274113
30585967
340218993914401
52800597
9043643
66669229
911406618
4778316
35437517692793899
4612018637644
44528
63492491270962640
9313180295
59624126
7732637254
6716543875086085
8086182
1333138
864075663327544360
690775485967048
5272565734615688
4138542428550165
579918210329149741
775099755992889040
93167973149
2847554403
9994507062485987
3552678003
770992048602064
60735640427
28260014454138
686864484174085410
5855805947
93979
4592557024896
788325047642436
5448077804
5002036570284893
70914931932194698
372554071681416434
86744003387597093
290464623027600
424410401
9400080326245
8167085913190992
1390009011009
133030
27711
1982574032197228
613162643055
960328008
9645333073
2188275123514829
961438
84066
99538516805370808
7959951
38934933207057
348256
13818952997
190149673503482634
443536076547103
6485315750104356
7217994
14922146
188213
57358051563850
878400998
87606867487423
708860458503561
201172464982872106
36488137711656439
773628197
89409309983364
6312881753410145
38881651444978
362308261
5515531
456266915
5904598379690741
9330581218
32613036022
990366244152
6214034184216948
148169
4378080043
543292403243556
3162122642
97819064189259
709521890555325997
3133135507033814
941690
44655372976118
53807001695
27499
63020731
948980576528037481
44685503
18194081
590372939260398831
65841
918834279941677
77189066
59120223423
4941893
254859982505
872756608070
21153087131
8756294
6769060665918949
787122501108867
3172637597103
327780109
65699402016
64140188023466
617427
3838777
1282794994563
305763871902
792354457715981
166993
61931258
50725817322725681
437514750679350
64341520
8895645468
4404438
19094339193244028
1321222842835
295187
214318358245147255
281487864084
1003084435995
81192403853593
478930052621
7325437497
69621049
54490876
6391686486
54369852772430870
615787
6220659966203555
7131943978656
178888264
569001
8318660729761561
11011982587
648154
3053015
84223443215407
285007050059535
184990
89069382498985
7151019772745
1922650
853000989
2642975
525760589
9592835
192690
998884978780101
23090579430343921
997460898
524982
355550959
49038225623282927
7557758307700101
388685
81814771661
556187835674765
62410418934
14638223672
90465550735
3557827
107306985859509
701222
8045116021795
351419382
2608290800
7133557963761
4611942
2519822588204
21881254826078700
618646752
273776054210
2863157446086919
5123513
4097986000811
96032192873
63223255690
7822513304
89107245527349191
616066665652
936643077
94001949570596
495814769
8101112
98342
7912065483053
34851
779819306890
63855
7956944
1910118829557
53444950221331
74789747
250740131
8874216
17088068731327
67888665561
962009840
950323549319462566
20052
29453058266011
50784664892815978
782082523382
488431868
6692338
5453728717229033
979751
54379570974
2414212170146749
191815
73374
8534715542
70854905
326367113815543
371964117983
54204418597
65018072093
993396107190690
500473611302061094
2860135402480163
3337425401766
923899338
69738106376826117
65435496210215440
952322
716154786
56465382
89130
1331584489817
213645289808772930
8462128412
3326849464
4138462340
8564938919
66571402487
75235294400
170550
2380978629
85793
403664060095684056
79690648
50086443
6776884312424
81525431174002
61015416716126308
3450719697013996
47683649353
2909192693
59116080
167512895
783754721583382234
5827113408436
96843785441238287
3839439534212
78963675555386680
2322053720793240
1997877
6454483
5139652760499869
77955303468519
322867946464128
582621557700
51503591179406200
285196
915973929
97826066468
363685
4870605
3877764598867
531007862996606
995699640906535
8968524938
531289
367177
2562785485374942
48065367268594066
371745
352264061072450
14891503
35921808173
999118771016613
4214333634
1492989349
426264
90418
4211140365000655
643179467186
5096937321167
27357405534975
74691116710453027
9159579
783983117925491
4160717696258
987473
86217637625264
748331587837
966524812246655241
55185192017499
4572037256415
77021906923
1878709656214
764941018101973
7250416154594
659151340
3173642
67894821206
93875840723
24532529080
879756
782198011939395
24614010
399608236746434689
350300502295211
51027818538115212
113705807765541646
84746
71934846826678
5693613956921704
2136367140234385
363907057163309232
10806
94966
122276
1242235800066
3914423575
142662
616623796903682
82007901273
1048760883
745550167
63369614370365284
5360940437894500
62791618997931636
466060098604
49708
299877060
651061432319221
523568
43984329904473
49661620393
5240398351373
2965602980
399177612102
176470
909691543
532784421
4841185393195
331915
479657646063446
7989210315657183
864707154689687
68867700519954946
118555828
95023094
73674835118732388
5194946216
678463164
501809431254
2267738724592917
616210290498887
6602735865429
620878548456
975962
72447028900400709
24706977266
346967482591290
9015996
474984494477273
4659509910235
19340815128
898401882
2602247299794
65602653564215
615573
131116201372204954
30804
167598677674103
177410713034360551
2819618
80553325
1211217622
2021971884824349
3281378356
3130409170295
185950021843
6708409
546098257477
633487886726
4795383
99235950
7429678
8224946270667608
9873703089015851
22806410
7438623618455
95308149252
7160268411070
189579337
4320815854647062
91194381
36671801907
267298403241138842
112316921268913077
68036545490
335725329868833
65333610815004199
67894848763583219
36972
4774305781041033
94678407
1359701691694
693971
178181576330876630
80905477
284600124175700312
4067306
4193854311122
56766671
643623
952059145496455
8467225173958
6701465992701869
207279
915148
522749350502
2370606234
9687378528940
6684947063391
2143452
25319713509291670
398894175
2540845
49005636693843861
91105924375431655
711235540021
1808884
65974987888168
5068838522877
479031439
5365156521
693748695190354614
630012785940261
9005063
79888853960682
8978384114
6177107896978
7848125019430544
8608310066180640
9598727785913
17538406048
1917836808
5399059073388315
7190713355060801
51852
351774311237147219
35797148344
58946996
430037075864182
78762061269592
211443699382283
10863555
841527981
2199002239322627
961250983079
4596431543
6305463536410
14446996
86592326749282
76843812263843079
95121
44368440735025
2655262924
73339324856092
23203229613365
557004
992867392742
8177350
689248041854
8810638195934099
431418769986051367
8373143775648
576793714115518
42431404184891791
78450003
73010211607366
3239115610257
1495780228820785
69128110225825252
369772
7048263
804406135796
3769542258
55916429672194
35522850
678458016213898480
196414
63665706020883049
4006524969750
358786121
729809857
5234276214
84836063422
3608883870
660960319
23817
417298852193
2706256758
69924310141
741242
304028387213204
2287796557700997
582008043825
375522480
21157
78431757376924734
6216629
54572200958946
11278286593
47749517164334
256371
98982942567
665131167171306
707368531963496
952927371791486952
7395105
15609429581
803410223476
2373507
43216902214756
73331207
75971986178391323
8468604447619816
687591
2744615825302
3451984832
403563
1748348
549521111
4265087031919
4839562622660
3890887247
759709
479748148697
65797290857667
876656345
415993814956
6209552683
95598477
5089293456157374
718901390638923278
5507332116
1908949410066
84729916
1603678287
147399357
15887416565374
685907847
27672180049
1749460921117
866643185085
31890781812
41211
2869353
14958
5334881024
192744
38784997539736
66319062
6228788761
853321938575946
64619474
55701
393541150201154994
308020801772
784838186
98733
124882
92551318
868692
4449030661941
828957970790364
825895906409495
499839
14947987095878306
375147
5644596540552425
940381890802
55855783904653515
431969
32501865
797810
54965
50092093
53992735731
1030430719190
4981038101635
554109188
7377796570780
2340696
5866329991121195
6238130
46689235676631635
903457
320578107861510
852377055363
4138838
26039032622410999
51223
4029622683626
9489998355
2040188021
4383733717570289
36523607
637334263
50733052290664459
46057
34029678676728
9821940186
94879962584704515
6329490
78424103430905782
955117136972
60758714820142183
406304247987
633875209884
398108324
84157496
9048261676667447
81560
665922022
920414913878604
235069332486653737
3456743523
872540
1331149
516561
1331595876626832
4897934058310
51854125174888439
5733327
94332154417
28451637850258108
8743186045247
76885
690852274001707758
3564879178
53169260773406
5481595254414123
93159970691325
1689947335
643591
517109
1422724528897
1375019639650032
87705959
850317039904
68374686
7328773899349709
43971191670
159214241784812995
3470810653767
4797492834179348
17306418
860683034
27702411925129709
6957863380972
64066701832
2858764317
303397576110
502713094439
89080
673593129808361660
267022740595604
10927402449167
719855820473437
2040272027
823787207
67625711
95060624435359
884323
16853848917242
276573840
36133296325083
6750846169808370
947976455154
44305893
23974
14847560491043412
230070881
426959
31577093164049
2781831153452427
62985232399640102
5104273661
1861265360628
50124454184365
31217
81659064830600
845797166
3548937706860
53785734
674443
148950934041
26654100720093
570678841970393241
7101007380
24061143066798174
458767156
617575947301
48326
518352080430369
539766007414451494
429519347
6388574
204993944611
7832292120
557002312378303053
344585
783556
3338540623454
3130025830838
20827
219295195954898958
805673126922
6233117724343367
895480
49215689919749
502414674
26831687187772862
433870399437710
674293128794
582061107964
102326
26015576039
3425942
2810356
145844570022665136
746245
5302305623591
471487660
273317329145694
74587360027083323
23388567731215
29628963
606307596940604
89604562770700211
171022547020
23847879
800005537003590
497369620
77870
85649
83993701471
81926
33595660596835854
89339921318544277
923403658
6730563581849350
47537205055333245
31458878
416240494417147
8092243299
73435147
91540237121461964
990328
4408282714
3636419950196
283997451896
56740288
2801842186
2686894
7517795835903931
8864095606688592
5490656579001940
28568858
495289
13856191526
45198
65797
877180443082
16970
489793614500249
30173099
2374381566095959
19941
2046262
8838000999
30761702514222118
29756986
93575353867927
68027317437
777401432140
1514481703302976
639562282843
80661789569
89374033
798844745353
2553441
84149717924894
67146854168
3390839645680857
89844501403402741
96012
1131876
715197932324
12811752401
1641411234
4818367060
717180722031449
22667982812680
279524603
518682559729012
3691969
59407
20165
75718821097
127542
22855956131028
116545585
460440281985163
880132
30951683
2911740
727451807963851
59083688386095
235342878896475
998135291296886045
1262554676099570
46060
4596320125
4011787390153
6727824100
6204364353411776
425074
55429424454779696
1683950568
2103212
4797002712
153558689050442990
961249460971030448
171659130378
7930357
29860594
91598924
430206
42769142687644863
32193050
6569741
998040664594333
813596089551
19800449154462643
135699834
10508293394661
4468304763011404
167826
5789946666
7579635
8021751
985672
305468
366252239909096
5831302
337645297891136
23591
46029578240
5871624
8232881331458
810344
752427835703586979
285939204
98695
769211
31714027
375302955826925149
9782725992767823
876810511071829
34075735098440
7642854804
1497703102
7990733
2907363
589456
71671
42019
81105734241868658
4400266910784238
76373821930970925
637699945
525792037483192198
510837893577270611
2313021839480932
21643927550427757
24743
960741074
2802667
796182
608444094418368882
3937449355925
66712441844860805
4300216793
20979347403
2352544753688
97753385350
782934015705
748603435928
29777020828
2575355
652659466
1240157064
98564771
898327290465119
8227522796
11363
84758937
87031225211329250
988939924467416660
4967482201570
4891283
891180800710180
246616620
625674
1876801871
711176477964
615800680
681488760975
25975859161952685
560491964962163
919774108
976569665
46919407279398527
98399676550544
60832396968605
3737660
8990542486104270
90778435
78241222029125
86813307765798
28964530352
620292825597397
579684229968
265068
8207369
85868759
84955164347387416
5300635726
182370158917
634405533
8012252994
498976616
956342896424669
538234960353395070
693022
98663202985815980
129837917091
550955078482
8939395501
580432924
35341914759421
629999881
29955665
5122328264
8953875635
50738960591
93396369603
612489
833001182833528411
806938804
87425483415065
2901794506818819
73113994759997
648030527723
588902035470864279
141193
9328047425
306756934471339047
8243949246
9908840791613126
77882208692424664
4824838910
27825064666273
6095984619
71557
68592107082
8751009643085
9666678903126
909746203825191
9050837124140
8390991147670
68936271634063218
4311824946091019
97928
32506231719376358
2016812
928908597
4940724346129193
86118
77963789
195867
55138
51754
41427424422
9164547
93183170470773
67866100748168644
1894283363927250
534338
628846783626732
814089
2480722410398
28340311
7289068
846978
593580
611549972
45852154221
25174583268129712
616737834140711
6939033016
22335595987487397
5448204781735
3616421683823
17808252
349865901276
71764770921086720
552596189148
47503851443884203
4225583872
7790636911304362
716824203499994
68468605302124236
650072869809
95665
9209070203
82893215835215372
926197619496
1404849180953356
8629482996288872
336082032568
56903579583324100
9366949664
9454418917
66512148167081984
557109937858083089
6989511724383
940328691
1970479760364
797770072454274256
4484750
290961227663030529
749669295844950038
67993295
14251642758418084
54841957323369
18829305
226658
840929220
12187501684288
7583589731236639
490774845846503594
570197401042375
981705270604783
217237
50853514667
31879548275
1843444270
24035936
28937692
38534
9100731225566
956895823778
9201330665
622093691066
68297
50424237334
353798
5941665421999
642859608788301568
98395685425752125
7645504038278
950373073
99105509578430322
63397869166596
34417050
408255351240063234
9964741165
3397723746
650453164
40300662087559012
60398540141128765
79478832080
779861
7664381540
951179111070
96725918260
21469077577
1738403094098
718736912
2846469
6257573266
8258723772
37420386560717132
611122775274543
38305
30551579447
72160198793417
4368053988440
248347940
32338965531684520
41695351250718
5133376448
41698846985
3411091404
2123768008163212
117449
6087219696013412
488787694
66228986230601339
4345005913733
11791361885118
551849
62153337563
99257806
5018775831460
6281586222630
287635793
27769582932637354
81492815
160398380180504
305257954
8755046
4049753486526882
269641175336
3453627744131
97240853562231851
8928283843
405086589
833507553191335
6982050497382
54804472919563800
1197366485
65831649
1802623245
58952560557
45884
1032235965652
4005889374685578
82043706
25778
2305780
686681441130105271
986482223
695048354855
356672488170081033
88905
405556
61395111208369
716779232003139446
354280
96337631388329294
4702938
866465887101
80126
839112
3443928
664200246
687487881228079908
1373605719180
70170259953525
3753064383141615
961655091330
2146086589
880043322121586
772831265744
7542420598
77950
950271228935663
12850074
591194207406315
798469886569681
464370847
28043859243906699
537027970
444045258
2575918154
403207112190
937374593761478655
45258637964147
16707
7402102936028646
112440023
47646
6666105
30974
466235314578
913123953849
17732305375
78772
6326576761167788
70840214495
23266605020173788
944153069756976098
3019305
8602662
10476409222196296
3888958649517235
510184321020
6323184354426352
2059153958474
444746533313
95481123400
733045
165052389281691993
7267827
82964
6115702691412
717368
302428402657777
421312865021
43788446974454
24941
12841003914325121
97396893518
7924154150766733
5010557853772
5546660090652180
818474220739685
3921082833
1125825
3136264786819
66929
8313338588154131
37359340883
83297921
76907
610991647853225808
1176096
286063897188
736019908
95568819
9376661729766
4104237
799243373
4757305628
3262547665544
300019473188180
3531186747616
43806183
785954920339
537241655023185
28350
22106
8060784827250703
11580995374782
635760
2626371869
13656167460013
6970685188004473
6132378037413721
716738698830677
679231442859569
634566105124
23573996318012117
200157332
353261838
724381063
434755024027200
5145550107209867
575927920862774
144429507793
40916413111
75499
63036
458454323417400
6733870981169
93793026313302
35466878424722
2200454
12174310325590376
51810266
400283278
970572741341
88495874
5927540817170
33367983349
666522509286873325
4300571
7302832455
1510881836
979712938858641
206539899683
15669
25010860803
38446726346
16399338195446203
41647849370090
320428
940009301964746
8210155
678536427
39942135319234
76743899193832311
4938113240762302
51144893834483
1150516
9301240938521
89710
99047496987516356
841258
621842
227803929735622
56051876
66760660618743
88246346
402514594063425
6927489764319
9961038
83725462333032
15201
340510318471374028
78992489715151878
649180065
517988
858760613411
6201540974242
4237084919284117
78720
4112336320042
4408166394
3821972898739779
68013
68398010854
995822480919
84418662
3725035
8972463576367292
662573
60985013177
5059734160024
19636
572919565291356
6004039117020096
900623632358948613
44657669
9829669789
688155507299343947
855955546289992
2225389
82410
286922087422653
41133250658
3354519772408
848897604866
8717546065650
392141693104
20909
9784714738644
5953664927921893
772244
523135743
4678024967
250155514601
85626238059901
330747949437743
5442037283376572
602344
9468578987
42641246232
446739157874
36844
10276770
89630774781943603
87270668689
737476563
3596223
83541391
8447048108427
6482923677
2612470925604
47152797563004164
31616
95523006568
316336975848
338465879235316
203093738469672653
635852293810133
13671402895895
3841863757
43412504524
1724563089817873
24722112864599
387747350400682396
17812185338
659236456300852
7434139267907
28399786
770427699074522
6294308936319
95072177
864105816092096153
7975608609
8798962643
3468789778855287
575773389428773501
149724513892133717
6526516
53430698858
5563735122
531477503788063
834482
95792380242770541
35680941864059
5898930518
591610
212340247650339379
525776067956056
854538977608
17735259
4632380
57349
111068085649713
434672162393659487
95645070922066059
74222789062553467
5223345732969
8727313480573051
173107011686
5332028
614371114817016
693525
422103
387281787441415784
7746877511
78450
9158797530
649481
109719472403785441
877279305
95795509027
743650358170
822482403
52757829213612
595212514856528
96357026
1971472847
7586312
380717
257587086
9406296063182484
27356526306058
895853269767918477
84992999626
66322686
7085299468
4555634961576011
8192111
9664051133
6262430712554047
140011090300
288689920328532122
773692352
1855696
77298835
79694
64751238895309978
4587089974982
80991018
5777489258
584378849095646512
7125435354
5186357
176220609704372852
9409029
64854955512945963
276706
6207600408731236
7106241825
1850547063020
76291
4751227
5979175479771
8561769863
48588956
989558
19864328028767
7762628217137643
95033121999569886
47044826
6883896667
1180839
89383665915
69243059072
307251490791
7697298
81975921292822
1111300
41325129558560
2578069
537442138312471
6226948109231090
62748
92658191845
4829575
765527555301431
92168517393068077
580772031174
320506
71194291577288679
267794154375951066
55375
5428490120056267
1913536862
56595496266252907
49017200143
742215325883636134
50356327464585802
131468450
82235654433495
906045630741315
3588495
1639353538
83839
876516
277173667999889
5915756266
90159504763
4866692
9989798
28414656
878643294
9185951
29124594718202
67216054429973170
566095045
50027337347947032
712176
13071
1372956505
26946625126717805
290455522
420186
9222773
366762120705
80453621972427998
7813963549547
271807207
20562620705117725
647991054
11273
26684
1825136215
89247904850
57216
65863106
224981254
43284819781167
300509
637828293546
7646742350552
75139218450
291389082038
30429976
428873102946619
8122253044
7696427313953
572043981369
29094344142
7098091050243058
442021
8084783053293
4665062
51141995676583639
568589
8612958429364
80475570
299564598130182829
87513
27652548539928312
8276165
67818
67559571411755511
560522145235277
282866335904112
313402660040
473410
7798690850657
4043461002239591
48479856
34429934208
5881015637
5459408
8006037354013175
574446419
37396205956
459557331924065
9941154
26159061342
571283145672232
71737882724407379
999194
1745201753
40748
9241180
9154614918223
61875238688839576
8660544
74806642404325
763302240
1038376627
27507236331
88102016786599
931289
182891019341153
93791330797536
614382569389
6680452
39007
9923559375
67108703694398
62746
459089
805825793190
31649414350
8210710807274858
63117322122865
2634235243132912
15909
292422000304817475
46581
11967301
494481
45520979172501
3813644485
9119989862965552
701514295709298
5540795997003
591602049099829
252071
198236559534928517
8180257888936852
645020150522935
