964897151874451750
37875529486120975
6553422
55441
72767993639
93975115
80979443
648974377854019285
333157732
5250794950527
91424018
5175737731
533042779318130
374994
879780905432
398677
26554598922566
2107566893028
10016802
301148
99097537
527898288
713816
433228028
307670
319812097114048316
14448542860
10971510865733663
760088740815434617
855995118
43148987997106579
657146479
4689664035422
689044
46921496344064730
952028
9715578999
81864885
786735367154148992
85634
1086604362797
9893781173206115
755851127234240
9943538
212019113
53352
70103015046828
9143296955213
1506799001624189
3640363961687
61887476691342894
59502907215572
5346224927070
4031514176
929973408951569152
32556168675829
67570349
238521000114677686
385795153922
29042110761932
81381164
655017564410148
76496334216818
99327
65447239478886
900978530968
1183075450207603
3700841966228
276879227
8428815149
39667
8271907
14928060
20841109326487
420017283
200890005222668
7651271205
5169313
446812066178131
1966961638
648788
17273534
37226242
44492104
390329513288248
718255569163
2908556868654914
977027914049044960
48892247853228
199152960
817430379951082
31230026
578858805989063655
43572902759873842
52960218202454836
1101419006724
144098988
37586706
1058127173745188
9922688923
6421567031037
8976510209059
55358811
66811613263349325
90001471
7351109
57605533909001
42174687322
5671204851
390528
90922476367213
15576
90812094558136131
6011821
144592
8082866835407
59773255172
46669814943940
50858
39840694135
870715
65792027
2921913652396436
695632684593044
553065572495
728116
97469771964
560130274038
8213097124508
4842133349
76526
8841014791
3191308715649
17774465146512
10399849310113838
994947
731325106399
328598278
73507183076
50143738976
1367974433
749448564346496139
798972829363087
8440057489301475
6269283895890368
431691067816782419
48035499225967802
251019370343051369
86571859
116000567038924
9005488592
4093503129
933509611575346371
48359606653952
9561918
8401462197040
4418709433698
59457
17112
298495
394634556655993
725280831394
16169146084850643
8817297643
6021753974156
457533
46548702517406
5426747181263
7555567212
54528303
5339685757810225
81927248913
865346
2864731538178759
38769962136117
154663
620408
65518091452308420
331743324953
29297
941755466495
862603269302003
256440396
5434069731626664
75185518221
78659537
59136851766
9522205083
2238695641075597
97132534574119
3344761732
7315209564482474
455881
517790161691
314221
3760199908852
3021451798
3725723475945314
655069272360847
27255306673
303945
516458031170
105556
4512510795937607
2245386748034178
23984788126
167722
527737500
6968841198
552022288
5609986393
69100324159876
53113440638
15175940249
68218264303047
193726013833536
71052622
582651969
6816725823653
86822400
587372616444642985
4623516934933308
301126342554
1040533845747
719296865053169
914941334469438
95377851
297855772539349843
705196357283348
143878244
3766590432
38585
23171484731
437080324901
55194919
29863658
452625
143366476905008
644484
188015165396514985
7170685297264407
19830136229
2911821
191641366525888
297463126666566
958240869645723
7246507483090344
591761
1387515384
10848413389233921
9066086
50761
642444278
296519715
60089723674
47204831239
2733081
48457993532056
3676391030757
566795
42141815974997152
92672486261691277
160367986
4866024767833
8812148000078541
740103868953
498454
718099653
3101383826638
480102542773746034
28396008190834
6349454
84572416
157532
35341
803410978
547976
9146758343
2546203185962
79624
3440075405
60141891524105
76182054437605911
591829163323962390
701824894981
5281815
257127
732804
2833538433247
559362787964
5488660
251249
180086030803186
17737891
1021875422
9430978915
252308251537
7216359
676575514974864428
45209
36567416340
58925128390503
75461471335516
78032070909115094
6556549
94403256615251
836694442219
1591450661
787917
8548343632763723
5434932346306426
7744381518
36355
64652169
88996
483534610
92950
53965040
108085800335
37210208
406555
31293413719
1344628163882818
4622631052
56604640855982334
509257740
76246676
184968
402745717615
55063301
190752650
98864044
802072418591778000
78967852
387886860298
53136968201
614094333712778696
447091812787009
6374072
586847591004160777
5690948076299
570788123858231
70184615909291633
598698
3257768406262384
512087836584675
4258758863
85961
2615873
23252507
62224377133184
347196423003343683
82505508741128
8641908208066
27025031449922
2340839140812
6070015755112
37648569895456
4131599
43297
22015377489
142823274700385
85135545938
8787608181
64483798490
93942864
1104644315
951458626775
43739368
592839984868
544182314889172169
144460640697202244
803954857752314012
717693762
533426
1849968742974
8898016
3037670147
59540619737678664
44649519621
99010474499681442
54594226392729
35431
2437120
231446
8750256
29532924129028
753503
887887
184703
6882164518
872553
8015417039
71321254464813301
2845582
786341595541
220401
9830419
969614096480455271
51210734943149
124927336100252
167444931990
7814944196890438
414887271733905
61579594925849
772593824
5077502684087
97078200122
798610
522912273954
3212239689062242
95308094563
386545390
5835055408878
517005942021
313861641731175
644792
445149831131553
980383
833251061106067329
46323
30317262521713309
652760855425849604
1237700270052
48681
3812514233
92713527990
97459593216
3827997144
571088203408
95426672212581
88126216
57941454
764575531884908293
53519222697694798
3721305
7689690640672186
32336301082774292
57415228596539090
378027875
2102503952157734
8059170532886
338142914
9371039
676085400
34063869985
55686
51631053078324
35107342721683
549222922330
56322179344369
490983610440
6136363097
733926224465942307
98322987864763
96165524225263
88361111530
9204015564494
46923231
738515
7789200
88065837752508
9565025531905
893090152341244
828058
212504106
518847873737
543898095686943
443649007174788
42496272817697429
682544004984
425750971524
98533589515296056
259547023036469
53640951303
54398159
77213885
85616427819201
2465533376483
47787704893217362
645148
57143692746805832
662156819216159
604537465127
7922758800245690
3148253605
66536792788467460
975315142424413178
143581189517151421
30146
300551
250110
17548826
41196
7953175093471
4515085761619
174475131276
68063987186382233
50602
1686724304
1416893
742475434887
74112713965
378095409770
7407575
4351417
862502777717695
4816888031891
24453025759
4383071591623703
91382065734435
632892905336
31166658999641
99250951
619069983732752008
37444108071730
58849165
993229382
730389434
472092
4654993
81338
8663027900954
658858035
331119
57944255265082121
531353725694
2992798
8828698387
11175016247948
406502948507321
66931249204780
3632210297
38495
91986357
40313876916837545
98366225210
3312840977
8231716981606
5514008310843
4525079877
31131336
3886159255
5657288082047054
7939795482450597
822542
59755506406
274846207804725
139348049595412666
52184
1280284087903415
251163429487
243248557839792
79840
9420820645631930
1982948144
71652711562503
332905164631699944
12765783374
819959653749
6730141910
1908145516086302
538361930298879523
831055370
206279130808925154
272332496929
80033747538832
7378397216143
88186
154299082912852
832904
45563429975008
33826216754199
196294133
1934229999007
3133449
8434630
959993335041
3999164974815021
274527
464293305007
33954151338041
631746590559491926
91360631
38777884070442271
7604364121515306
2917605578145550
320839518191
34288314722
119312443132347
34070824929972230
8182313419960092
28979419986682
25418256535
4674773012441588
800626848127883122
852496
9279268030
59573011166015
5796752072
84792780879976638
492572431309084403
20238321445757827
6560958
9200792600824
880188539747563943
515506186
80698142
77737151516
21821024
2443161
881421883331347439
112604
383887775932
35640
1632443658230765
57372
90658011284
53660
4109131
594678768499714681
401972
73021315882
648282412
24522181060222715
580537243685
7178972132317995
155334873053
767320
2529042091
69722578
3188227690918
18227827817770411
786688
28635175847471
2976896767226
21362622997349
23867386
33383813705434172
721578044259991017
32534909514822
2090504090
23852832
9953837166285455
6843860723
6531258594737
668694068280032017
792870
5851058624895
1473854
5533543915154757
82159486246
352127
937442022910045
555965616755
1606814
78689839004013218
82327
914683215205183016
1764687
1866692
11816750920
19339442
3094196229886
56947066
409445803770082
5132924120579
9742671631
823455983391520719
73755945884172952
5754074
20300634939999
7086213075
276472320
26917384612
486814479
721291
810765
154865326601
746087947358251
9206132057
12885147
4463735
89152966951671
7070411
6205503522360352
981933
74183202111511501
29991418158190638
55117498297284119
6150034161
3077948
990992523225
971908898519
774992815422
29321
628637
40462978610157
885465348829
183171640666114
8109418
68678
8744559545238
397643
7309423429489205
8779041626581
967583
4067038
153629855737246
5246772
563244333347730776
50726138
16282800916
690589705213
8909107704
4268308654797242
2935742
652147
35189
57605670534415
6980569706
5454200
666758612
3856007243
60980837
52479
709018
509128536141570772
328147
26926
66564722339820
920263534
68354141664
49684721338
7107769323444257
5119650
231549504819704
38577410792273767
188541429071396287
8051419766
89774162662
9927411
2520643
823779346
65926
98615991777133
39291355
1277893098981391
404849
314651174775
5204634
121590115578098
1597413481960994
50372167
584761786649128
1436305139383578
4014950
3431856436256
9715348946764508
112441075
69311
4325307
8275261
34381321147043
1899304703974895
22125846067712
108484638
451486070260
542746879626615459
81223
657869567
920811985610472
6138578
99789910604917
74921731258
3119467216720
8046803035550
69679568356635934
881373926202129
39236
20926621268039263
1393101056583
7398613249
50385876
62004426
875789290039727320
58465002642547596
4329944338444
38785219410567942
71410496
6977006172966757
11888238235740517
61630
180915088376984918
3990232340948
41462279098
7471699015435177
24136624809356
1681257
438523935401
74789
1452356486975045
151473091263542
935605262567
689445578294368925
168552439529666
4702345943528
76909697
72774534754
76785579241083
2440899679
2182968868147095
772011426
778659130161914030
48013
998441781
62830247628642
41635657119
477502
8974235703
4748171645582
3596336733765
938489688909198328
315746672912
397076231610910007
57226444292
372575460
9683743058019875
3579333508139
218776146398
733341347
421676150
656579816706963680
8191127912301049
69691530849
43119
262465278056805946
14848090941
91837
38735593877591071
5486379
83210
938148177485597
734736547999
78477147760588309
3288407855125348
3502564241
140285513
337294486121479373
7840521
86280
5330907
318719
5516110071488
24823891750579
583213
47352709
30572390
875674409554077565
32002412811519
36727237743026928
43112295361
28160366958
702187
902328556446
73855905
267018113
49804186405884907
41061687638212
814948407
75988021966
859576
997734
36217
652196658
30919
13445057
3477098576
7611131921840
660354124129973824
902642323278570303
14961879
364753069549040405
8807061310185633
38966279
72561047715313
703485
2962320774006156
1482082257575613
593089
338948232249374
21242
24099748809
41284
9875005904678
629497415075092
1225588242
6029767
13586472932802718
652843403863
1655856748
743101
20373
59958812
72576
628489027452
623469874538
60634658650505
955386452373
3605514184
364318634223752
2848072930911
71130626409896232
28737735610761
18603856539151490
713598446508165566
8584171932609679
58978328855593557
77280266098714
7286738208747703
9030314026819154
218786098
7461728
9639112625067
16952514
554468295481
717392332
62657
880174896840
703296726
39850387
9903611246589
197615005
453442893
98856433494419444
9690625642933859
647580
95457
578892690320392550
41783330162
46870035874064220
9483966695941
481029
14560626508166
52641
737667956793
506288081914305937
427550504240179
506349372398343152
669437129021904
373369199324968436
463268
64671
3903799003791577
377060390506366980
65853226727
152535289345989230
58231044336493
1333416473082
495227139016236
9710908283744948
98847235344
47516032
48453133854639813
804512097
4731130
3696016
437764854976
37185
14452823794219
625988253496343
8687734461598
7636229953130
5098119450
63711
546261225581576
550852980854352
752604534401178
1267416647
441605752802406
89769695
589889
575049577452795227
35452104364389359
6950955452
33312
20396814307
1358051204829
324272186
365638705251355143
1156698805
7692817
4470561569
999472323
494962047276
7509539
584459870808056008
5520737700149
702375023292272
4697426
51970093
118066076
53723276
104535333
46126148908958778
4040633684171806
72396439
6333791224245159
228934
258148077
70214744250352245
80674
1213729422874627
943385
278821
9672402298820068
8411724993
4976182
636410506605
95721
28714583
9336772256555586
856820906
59658633228678
80290976807861
76794
71197628413789
9612442
637121984127
475663600408836
8995243640198563
8406107103575167
64508316
2366767543
592704
90357
5958087049554576
32642880
8825397
299878540
7306144867811583
753474534605567469
9041767740853
53995507
41380616059250
57518290288921
4622422996999849
12031
23384992081057
553902
374728
49740598573
12941785211508304
869383249
85738964007961
87400
9054753157
5338241417
2445401732625
244205924
88751134020630584
3763288796
53323883115922
745279813
673972897772444
1987968746
69545824
3336585
2063352503139
3076409168
523672214
681578534159568
62790305832862848
507983919067923
177753951346
705409814861
58153179887580
778688311541052
185840908635180
49303688
78649400528428197
67303722672940939
306861929
7810310884
72380
16267597025
71587243
3636055
85583605528160
746107
95469942239810
99395825072
298345
9074964174524
8214401095031
71327839
496129104207360252
52996508014304
2082932151501
8808593
7748124406487
944591373764696
31001634598860134
516768082326465111
86177919508
18581775865604
67837088265
432224839006511
9037494541892578
66793
4620772128311087
411769366979095
920837828685356
33319930
46100610003781087
21848321
927221046984594334
28326916547
98383066
826254
21420234145605607
37551
5527448639712458
212069
952922342
9790878877723
1469899083510941
472413977466439
11678888976
44844145609
8088442072
481673783798654316
507833842
316936
23408472
629676
7241998089
539279296355
9464230059
69831130486672
283386711
452431513
2273125125255363
9371864
67974602858470
58598999828488
32262
7659159
934239423276492
6222224984509180
49991913933
283569
1736168339268
4659576335124
78584920184943
3231937
73615170
783346
19424344346865
413220619
650762496551
694660578948182
18110220111295863
3225240705929986
113913527792713
9196795419
535078930
737262
366659509600170231
973101146059732
7638610698072648
67909
59500939
499585229
28636305630
23002735257
349092
4163179110
6790859928
959756413107346828
5603203582
1287746190761
503647372
97778785923
3963797624
924951869
41218962184924992
738959
7894338
90536002
5164301
5894380153557895
15982119984397
72609245
724757857594
8615250
185851640
2535135310194
486905
218721
577989315432
79959090
38991057
166796782580313
1283259
5493912831943739
30579137250655757
94757426792883
7852041631465
26694738757167849
11189
2678936
459146678
51862865358088
51199573
16020972
2899760625451954
14655
291280
636668
210665263630
1971269784873
5546328
397132014236019923
79631862024880
246130944
75409
85544681661049169
620793
8017750
2148403559908
82788560
6032011523
580667372123377
57565193472188
3216525339039
5279990728
39510135070758331
56369736728408
399982869109564185
3143179
2586557255044535
30525
24316048
2830157172183682
486727
735942445198728381
2731649358864781
24528625318989432
7054330
8997124
365909390189131
274180704461584237
24790407510225
5093763239750724
390987
40479
376939365762760506
96943244455046
9138143008
6357817
2168700718
76833943
712165792
72038086394
9848399025972
9862286
330223
373734772
98237
6716737905308
9335130412198
645290712175049340
43432298499409610
693892478273446
90634434221851020
1302001489297946
2402111940858
4552445688984300
476466934683102
18348401254812227
85832766223263
1552403081
654322508566
85674275500879581
3841254988681648
495013916830457747
4180807
8876995848
3622404249
1502912645102704
740971
25514
385483446
83742133923119321
41918391
60402073058156594
138672
8087646394212
99692370543277311
204520
299578769590913470
3336445138092
71648168853
684973429628
821479955976319574
818277
4171274388231
426861970119759
3905848
28313
1869220
7753526
5480231
489611724601445
84998591577
768404696519
2969500669150332
550438807
388885589014230
81051131544165
686278277592178460
17090374501624905
28677
7520461256573843
1692470876277022
161820174305
62282339998
3520475865711649
63762017104601609
710096598
581030444
94476192
21514
7200705
254213525304
7752003
662943908
946237037584
85929432055
8467401456
2149489656943
464310501257129
433409379474342947
9679782383309
766303058650
490573255865
689151
503635739
7997007593348
92094783696
457844
449298210829653453
327937840993645974
9873779397
16735353848
73145735507614357
84473
826150230775944459
22397
745154066396590017
545488576568877795
93025
13079
9629364
4502746959511141
671532595007059
46777
1991633277
61275926530032033
4338599148004
8254394
62050201
9685979539123359
3332620
426446456
7616264262028696
921899
75675078
8189218
8034286253107337
148587929077
674833126626229085
29063171302625
451766993778
6011735956541890
49467254412626419
39918030043098
666826514692
398910428603
7869014468
731330178348
71566416967317
362791189
8779238737207742
24695175674589
68018304024117074
394786257845164132
156186863110870
26912658163849
87011
77919691
1958088842
660476
70676880
202190345495556826
80790031121389239
76793027709329
34306575946725
9316350953
62692175978
12189207688
3585580233028927
798390675173244
266545673031
9158610916
4234558750
89077398135
929998
623727887445
483032868248072
87861535
8179819249
1052179049074
14883559967360
82227261149525
8952183319
62455483073217749
5630251230129412
797772984800
6954266915491800
246850171188233
3894509275102121
57271814
68945285570
93406214
6530655820501
52204712887
980520677
237322271131946135
6957306893232223
32495722011
6535930
6373867395218764
7164628
190520170563
1617421
42030027311138
24377
97060955052042666
44445
40119
840413715534488944
193938452845069972
83735507
59065672045450046
58796722489596704
288270434980
95709062
78651090380290
33954031957
13540639
601109310
96039
653059632975992
913478
69788968525835824
936376
793701100567200567
47258
333228986322113121
599770756849335
348881105
239593125112
5201131
5765099840893
146048
843498894
5545721934
568712088086841898
260785192707
399731231809
53668229294
9221362513422282
89251900
4664163630143
5381382014
2506278
909656
2639707939
115719365200897
582477918
261539745640557423
66717
6926391603
5679532148490
801553493486207
1220839
685612
684820293904
137355
208202469571213166
26821369477
86637743654632
92510341979216
10147437
307431
64196671
63401
1576222736928
86125238
68505281758250178
2261582660627
34551
583057753
4181722735
31732517777618255
8302338821
420215364069049973
276502702381652
7280589
420389672616320
44472127456
5006406499659101
2963637
245462
803136750600
506215772
988505
322341088957
4349277939
520668379925
1017128
269699282891731
5869762
8030157057
50594316
436546
479472
9393874070909
79159131069182
386048105
6107062
142231042159
6845238153517
869295
749704519850962
59446382985330200
1249144069
4858939
78224
854820568655155
8620464
5438877830
1070494
584701
914626716106373
11681757466276
206574702893449352
792943637877
83556683372266
389525848195562
3891765463663881
99634681246975628
764867400987787183
291468054455068731
122856565745757569
82799
255096603246059688
7674871259
23872173109
9335431680500
18403050905
249439079107
943372
530137747
4339217
800267
3579696971729991
74569510078066799
414593
466385
47156
975602
744005046628652
173906028
26347436747
5535870093
28142119
765955559540049476
96896321281674
3221666879433644
43875
56397327979
3229301677828
1256315277
6598802326254
27657069
73669657743909582
313389281694439
1460952411
35244655193275
28532
53453517548
84519319802851
5920584445024
401917
9911695381467
93198263468877396
8790652313534259
735081707938499232
40663
9987058711081165
705636513478578086
47562975177
3683868
384505503311713
86901606
9094621
8735844
76256464796
655306224635
9179293062038
31947335314129
97734668941043
3278369
156914753039648153
1497853
735944925674034
1017812474819977
811054714
3725890151427299
81075
36465118298
635037
2463130823
17567809508765
140495133579
702414
731869798861
848103034955584083
50641802726752
958356396031177254
3756194564586360
69520277
98920575610
519908351
49858
6128828431
20690999229001
49553
3129336
39405792428739026
729470257347723559
52680
792909303399722
892241646836812179
287428768523525
1025022026044723
2591744930
988327254202230
264725558924242728
161168434325
26994359
40712
283315802433810236
90296495
260732
45094192164033
863422140869
3361240690743
29677317124643
28027104938
126273569
88475447312461028
126669823758
426245240905176670
31192
210024112
9832190554
79754507
88702629260973
5496936185509894
127276388045609757
3123825508
33635405533692
26517596
4903660102
70657163110036
61034378
939432
7235264
752674500208568844
378155120288082680
49541708934113678
657191
71068
4962757169032
239277849678
7494540532158595
1953753
10373759286021
41663062
7855730400071248
27899952
874765
661294754949398
37778
9991957
5371476366
30087278303333
35629062798087061
226413
2022979
760716315175
8507061537703925
687197259318914827
280674498
12241945773
40071267715162453
101883834
895156732096414560
436101375399282
213601537997586
59737445473754
924129125
7856924189655151
64772
98822875504
827819069190640326
9359435
68512
801429019826653
3961767
591409329
59738501
24370152345183
25893459139918
5433793
146216622237722973
9761493299
58214055854420188
301194294798
96702
3909763035
441351555363136214
2230838
6707119
2727761257911206
47440591722
4159486923671
28235
143026100424390618
38101247317946502
167048
9027336207
67724
712181352
65567261
821505199474
473953
13543646109940229
4485324192712
516549718288933823
572106251695916
6310012
125721944137304698
477292
766745537249007
381539370927729
11781398343587023
54606130427858
587929
75540450490739
253699505651481072
628855102711
431471146483
329023046003408320
327802
7688584510
936927950235717
595620637
32435672371397707
38025293777950
13803022
487989
219383701
2159168391
53246888309433
31680398334666
4673772
31476200
431396506046
58119444567
9509854464213440
64682282106
848286361624
120689308881415
244288
167290072639876
4693143591747
945002987760615
82208418274315570
21533730759747233
6390469
4948210748269376
869432042425
92067
105589932092248
40824486056242
32610216590
25606927915479026
2926108014
24826421173452
680567
621406064
46599
7723864
34342949678
18125
2796603463825
7980452546
41837596109491
8309080337
53083688589
2049898069
161708266952953394
724987
282861
70647913
20597556
328729339796861
1421058266360
51181558203
289866440
39941259
8396659125
7109578099
2546986272555176
195391021
1880769129960777
8769196
53179175530391206
61632738
9586389681864806
82517885797
68219924903873
254881
720674423481686
64517417744535561
7715738194468223
213731122
952997613020800770
8368200337
23025049
182706247373
15279376542
750331
4404725813534635
865285666165358133
760278
8451771624784
198751912851565865
695268517019
973111
3127835757828
12407655
460338046258
990178
940945
599948793767841759
940119
44036
3973128658
98018067
232069794
144506
937056871140
56093571263312728
546039630701901
96372020325769745
642617037804975072
8125326
565800193884082
790948149469408
457094921863035
13999129
47848685942028
75766
719844800035913551
52919680595353259
242024580886656
357440337569112
897749478
42643
1271140862293
2462139946
16203
7821227663999
78128235105810695
577621209877025220
40115721891689
667505101
3874518071675
25559881
197138677
75168
277126367956151177
6676351
205155947
64124834349433008
305739
36413185225407133
2901955732
3436247869405
7906980087524048
434236122
198669071681278536
1337391
85520106488760632
818473660964565
637347834155
74758683475970488
175293826
34008680348651
924288657893187060
80650602
680241783118401
5654687552
340572892786205030
3105029
89647
38291837166690
662801704825211
3320765554284456
18094588543
5476677
82558
27579595
923863282328305
69026
96958772944685559
912089108
164354884767109419
698295853208469712
87588274003
308021511394
6355620
66916211868652
68501758240164
59145310
281498347137303426
31208223
684426134015
257471550826
3028101
480033848308269
638292
72389612857989379
9984701
7464758
7617584
750494973
13508031
76599698432799337
11934
3302456974879574
43689090747
377265
863213942625
8459675808419762
94142834692345998
519437259021
64816970764840
48353939703090
459948776921663745
759559964
1258965563
5332063473849241
684106426905537218
160418552809958
4907531672303
266711955
8913283
592932505426
2260466139527979
5690090
4469790689899863
707309998643071
1899429320
45409490780
92919
6000161085305
188174979653
6415438112178
45240098636416457
1312241970280119
7757423781028
949088697242374629
9852822183019243
4213932517
936504037
3686342200
1358944226757019
588927645
9927037205048346
173591919240
82234876
927662113197
738791
507155439341
863865599240099
215387528491087
18409047774
614627035305006
114435
60979798412605
86085
680438859187432946
713319
857324198
508160
3215176370
87608958655
787645920586453
2033513596048319
62040380987
8935147
4900603955514
38896
503285352
1480217235
630517436938179854
15764767213
702037757
262899
2840475380697658
125089842355101
8405689309
13356005
149153877464378324
604408857786996540
821977506
8922522437
26697483872008
882844597690
7008398883685776
592994345159
707941702
117523649512
5384751004
736277
351073593772
622095920037853395
39806939642044881
80842271507223
57332
3060488569594745
96842932005992247
85808145301781357
13137
49925973218
5198052011776759
53984161967
7221663553
532353084261607284
1959511588609
504159
63163505046552
212981456
6928168591605
75393475648
253816970277653
25251453040449636
627419
64997
7618976688827
905767633
98056
775106069465805651
77017759712536
234897030174135
225843
999365965373983213
34888079748
33889393316635771
7362878684636
3346919950396920
64191645254173
4508973945
8802101591
164870294288
612973310
71597329
1030474
9661374051271998
215733385201816
6249501691465
1082376453029101
40418979335
7153459
841648105895584771
226131067011
3630630927064
29308542702
169468026
600155636411294262
760240353845510376
77839
6970189
154078
7026159
952952473765
6768521518315533
431284685
1818344293979777
21326826392825
7411124394581
65998955538770
530414690946980732
23803509564
857646685
45545573
5400236865
590692817705
48358881064
4141096971
234784707477
774149112
3173622
75058617229
7280472337077
7817632764608768
291164754855814
3097136862
25771
7836893
37413766583396
472732
671829
316353
77625
90807
73430899
221564927
6085874621014
53960779
36728472072646978
189965290766546174
210860263723
26222345241868
6229636886987684
8872212062550
2355478360539
5325778
47493812849806
4276351203313443
1557310
4546724640
292922606
6316607659409
353855324704
298573200
50888730433623
72390315737664373
7545650445
326578155815728
426410813232
667452278
446048575755806
60173792720692011
9793180679
99501971035
1060069164
9264330151454
736444974698281002
41131736357686456
365085879225404
34182
163574
2277925
357296405927
61302747
843509
4126684261507909
12959702078349365
8438049
1699218588
393171952694495807
6253454719519909
96319
6185582
751278901228712
729949442146002
464442042290
3194672954724
575553658034970287
222666191
2136257812449826
37258
42622626921633271
785794435908191799
354403682
17732
30648
61283074894378239
78011864705027
477238311886
614237263752667
474911218340237
57269852592
8438188592469
1208340235622
908679
3135070936982573
86131695543
90700556234867875
7026168
6829763128905
59213383512435133
509719627688147883
4420073569478946
93876199804215668
5638780966889
14180583748401
48435
541122551930
75313
996831660840372797
207218727
370744288701286
623889
48787594012422788
45096137057
459749
735017004982902841
5547610712413591
7798347
95229363964
49486600
9117041564
92793993361
1598734431266002
133251638227704
36493449351746
82703856038
229034527420100212
258791
8147904
721304006569
4125477477
4617069930
47221019612766
36488535612
4289530
519570
352282610324
277339
6013465526341309
86569535772719214
5877631791
21819276264675
7398258
965523
6624759611699
26753120059623672
6703830778801
50625107
18969730139463
26792034911050810
5073149381919989
597576077878539
910010829833598
62603635
69425373721492
85612
94203641864
70464048173134928
954798690972192
1272518
22562
1954924610311605
20434888747811577
28419541315116119
2310144
7654952105091937
2160665
71499
9015114
6596452435161481
295328
89673707394260
7021040806726
462182
2722799295
4639999347
6109277
8188510265840170
721201382405
652097380157317
738057478166108
4896693104693
120934873838858
647951556387488
5289786
5807308
41895483208
4198950755143101
49518
467484001
19089244
72468270366
71128
415374460885
93959
187294940053031933
95442015172876
256445781
809152721
54440015935553
537857
573001
4595072376
46525200551446408
502625837593690
2443465753040841
4842106297940175
9228392
86446
601304407119402
9201700
5747821867490
3296742353
96468
60047269183221298
91501514972
703855732
58080993
98678884336281127
7945190616531464
143287647969233648
60493515586392060
226533767064643
608790213623354
92439
298036160373
1412191908317250
600870741981
74478
83152979
6938314
1157265317745
79855338035954
63848334801597
430175149838330132
644946841708135819
8547029
7607027749
714060
540877339
98305974933170
348100084990774
6638609407936
1030202689331057
83569908921246301
95283418
8942887667
66498395732951395
8626326595689086
280886773920948
57242787494
15500841618623
8703312943
57379914
1696998886119
702848018
15615762
552911
7755022445471365
7963053522631000
451079
593194575837533428
5105659
6471714431
861915753
6707904777162
939133683178
37792841
5884570771469
965638106
20456901
344557653
216651
68777830
709232467
62655231
9716813
443233300103413
52966419
39663672035850581
3091127399
87405
989569764358468876
152352
56295873355281
3248952206110
9321940385
2680941072
798096
115734855144
110652
29966
526811
73153343241818
737285710292
951679455
664202877778300
1472692174367
30158704683833
395888003612633
60746538
367752331768812633
344887
47388053074155
8972575
26263
36510441769825978
61048948
72606083651
9402256
1556900737333350
461127389493832772
8837562270203
9783436486941
4896521
4831831725580
2639897395909902
9067838795273
2779443566249060
3725428
876230680659475607
723607
6326519888739
2336697
836012873712633
37060
7756657659339
8188639478
343826912833403
44115446
8978228120652693
71173
15724611
572953445559
9341540
75133508508321118
161781
7652844416
692417694003133961
75052797397021
9263852720
928361082616568
62376100388567623
82268487
7458676036
383135
389950032126
9067833165036
1719642
2090965860
15199586455315589
398235638
9280648914
250244514385265
9569469769437901
59032
213115
63557713935
83730257708830
354520935472137
29528440537935
454560168827826062
14185
891254579709116
285873973
4668263
8663426752330224
518358393478728953
22295
8502076894722598
832431269100
57215
8929948557
474623747598386841
67276102449805
16163978855659
801677494778
78307839
726108431210916
32294276121
22463594
37031
4030574727316
9938862823
9344173
86019062171099286
280556429
23988
63779317576
3402818488812423
3717916400609
2208547
88007542991
5872279
968157
2216837597
150792769365
55956495831301
28319
649386240246
1925861535
89921631474
389552
4094217267721646
11592887886
918634
495531285847
999510972461
675600056
295360807875
165687055233504
80951046937499
25953
525145
75932801726642
49607551
419785690811396901
14428
86645062738436853
983815718718
373606471209
1773083028
14871599009
11110035587473637
58805563
818002177939494
4888185018795
38427296
5010742921928921
73606602028374310
8772034
4858465482190083
77422071035
59951862
761537467099
348500
59238748
318076
72761516874121
50123914514763075
838195
892565614501
687213168844390
532677356
659326
4546321793812695
87781207749009901
3330233983847236
557206764
4202648408
7012302564
387625601296
8274767604469
14667524296988
3165841
93309787
361052422946072
454637267
988524236068732
603960
1951095545
9090746
8757459108
304137197520
777677624
548215885
316749163655
715124375547325835
5755856590736644
546874362726
2033469046
439684313190
5296970265
633661494
24700
92840494244944
76294658043476413
404502
6153704
6906693694696
8642984041
79868256
748473538870845811
74590214025697
4675592741
988927730511717
2932908627459
22252
9884458071859
490584194754
731963999716
447869503
374448104505541
634142
987127065
145539
370100361525989
284376
37699806
34853
6320639
29382996
6339322960138
441011
7103428705775
667142934165061
159714
131916372
484418
683956587085376324
39228571472163926
218555080663
65009
1209116365
63797970210194803
39268349
4838903
9598035210020682
264627989959701
1555329602030
827487794917611958
58455923883481642
583719
86933
755779751
646921
54344244406231
320480342842
692266261380277
20896377755
26909085529
731346172555
8214763867
66579
488986
664545436
30438962
7550986399948
87788648620
34071293144
178416598158907767
176636
1553120698
774073391
4282244145
52028127513
26369695209
65203
6802140491187
85325760058611941
5664467852965
354589334233589
3557423155962111
4201504617181682
70857
738059509873966787
8036261149576447
8348515
672702258704349
4005167718
5988624677712
23938
842746914513
4754778980951312
512659119517280667
84470683475333543
59832719592354612
808121
105787
47867576298257391
788308716760302
3309763895
89191456606635407
417274
7068667034302
6639668178547
198078181053650652
1388578
73877825969033959
2314284328337
472214962753
819601
74981663571202
77446299600103
9865136617
5156222112686428
392344866299226
26608
4975322
4062455014901919
674146734828
1921712612
624884441641020
69419
131197904680459854
90255634059053322
8509814537140437
325124735840
6492478548281484
2174054480592
67594540647372
3093134852
1785262161451801
70686878
6814197
854792039589430
673069034390930316
82322171
45394158432820
310589195
843130597870779965
878072388579310
89362
9153613009
677111252853439372
3539992565239
692356458972214
33749168
4598089616087
2569098487330
513785345024
740096759061289143
659887154581432605
67699816
416995686387815
337962
988060690927748283
493644089094021
169686144
873707
125390620
8458211061491049
88041854295076118
152443113624
6969289583738
4292623045494
60591288555
5944178
616256894824815012
232899640
273304
51788030876010451
5772463252568
1078959
72845896
8863799411491112
582030577
64855011
55074533214
3763043373
5828449
5142996242266
4677178
6298660
80742
72813240
352927141915129
7295134
58781582022614106
841038098
410956393680095524
6500024
27350304826527
3424678
670907467553
6840699
78725
46322866541
523540032172249
13891343
24265409407599
5950484794645
8154851
23414958703
2175724705191113
136247067886732091
219544
993486
48941962332
9008224
158364804645225253
25379926202
86984810
7854886265612
1303455998017066
54008
34600477234198066
775558688014652
17638969064998
84771
5360843450304
75697475991901502
425394031231510
95146551233
35213518543
68281302
23879234329507599
98596
77951851663546
565421771969486484
658007339135917
341776
6709833411
48792055642605674
958247693764948226
62067750580115746
3473803503237
6883228
2180349171
571035822771491380
99106862
7847863
3937853024
110443040678
44465523335
4599372817671
5566131251
3770494564831
514061290
5422768145745
2174030
629019895483352
86885
510237702755439749
555078285483
5866684691193
62364628426
97539834744556
16557577
59498411
11003
716684679932220270
1997868683334965
4450241668
8757156
207647
7023417299757
7566256
946468529866633
74826195
54301275800013
96678
921682066
35309907491
17354100
425261509500672294
74628041016
3700050
761491230683458443
4828695
6332553637443
743747967469458
7542365262887699
38040054916158
14841
79329857555110080
146056688097491
7137573047
55550415
88517
355774622236535
5340355
86150247407876
74117249900626
280612351544
192980092656948
11802961853178268
899612946060192
995496279810805
9680232131
6014177
6764125466
591441798995
1751533061197
44282772268198027
840311426963
7932500
206925
7711204539346
17158280
289150290
16732
2744800
99991592
59327449
457907
98935583
94335439805188
80973661927
80738346029156286
73923382009128
857539647646247
393641241060
55692
18328
927626147581961170
94501775838012297
5785570419
444767354572682656
45525665818416761
5761713923229
95527796795605
37661272853571073
96420590
759478057
817706
4320747
7032037441356683
16459236428
65200767865
3121043684913
4164198582202
705166
26315969811
126188449763
9291229489600
918799
56880745
533907
3516300689
894668465790
2181717250
9963940388
4522638
77076672962053119
772395916125
784406194443
639630312313577
4432714
18457193068039
516425088416199649
268290435
304680855070286
7101725817
21680199
3691687968924999
611868148432785
9866485908628
515847737141
376602268
99544609223
391401272794
804784738220
391517
15502857504
607059731252564
15005661108340062
58198618131872
54272440129351
9172113640076
30172895534430626
791855199013145
433023083690327
7233429
9552020222165
672601811387567161
51432467083310
8051735794791
721242453309
590955912405
387017
31462907869064752
61034035
7110191615466
4216999489586
806560340
3515838868693918
583807
1772202395488885
3505361709
54488381432244
64679958912251024
940591909023281066
616465867
13656231398029
817202
1347057805741
209837948499429111
25167844035073865
59704960986909
62522325470995
4070496
5218129454
81833517449
604770525362
54575021274839117
8659025358043
32870359032855
913011293857
26045565570542
644708104035823
65915710574737
8713971336597
7783843
102284030515
3315669
858080090813032
421550
87107713
823609
415826374753797766
4336803
76976181799278
3633563231913
895606526565403
191338442
528641549617
912202
6675488
60971407557320862
77728
950109
1540256531015099
92117
7198309
1803673440543
6270889765028
47159462918
598576705
55122
8066426124
1915388063512
4055710354004
356597
71592
24069
985040428137311762
3820363236732
1249124
5608722012285
2479888413577321
2949970
43563057728
3730348406421
65800846506
803699682429075
32483902995
967889443
419509014299
52844574630993
2172683253132
8733702694494
4407698712387250
9482090804575
4237009366904100
9244728
167470723710537
684157
654211013383038
40415359463349625
3760155559455
6104696969843329
7959833
5649151
6228244900899
7907225050027
312015324967980440
381058
17412
6386277064457099
61150564294120196
32650084376393
770480512
2969712410
643047
29059976
157025316998146
104125146068
936997
76132648
5173390665270
433449086020204731
6205311337
53017221862712922
5358066893986215
489021919
936309
154177
749490788120708353
34284629019450185
3338498665
20305447917598
387285339911748
26517685760509184
318069357680
572980623202
72890036
94679
33942917693
8480411601620
41850009168
63346
46775596
869083
820275323126
920601
170134
668952343
570591732068
9084662
47432438
388630023166968
803740076054
879166801
559957217442
20388357029869962
14859
3061330560194117
94516575296767714
723711763
6299856859774331
952684
928380018
606991594
9296332128473
504334651662163012
57239216124
514916354087226631
39887665708055
80068358
215196104778546479
8508445585
576950
571462219330
70547171360300
116826
56227842049678162
164189035401
969941544769288
146680363540306
2344175811139566
659133076444
289917200
4041184
407906487
9576743
23486042731975574
13495583
25462
56088394
275801122249840004
952311686498
534416801083598
8439659201952
8292142306729453
727014721611
12284
5377375765689725
37849689
1643822476
20222064545
664175684
758036836327118
817539442155526
94058
3862530638
44808913072270593
6095333
760004
70590822
2397991
861893100155920
6442615121233
894310898708
725600161828
1254126322507
127222560
84985054431
639885
905751646
92957
4147064308
19926
5312254
677910
114683
4088914
723280530691793595
311258983
52985194983627
52767114965044943
9720296090
53706350017370569
146565664265942
2057828441991
33218658928
59175532
87707805
73760436498423
51032119002
14208400077
3702553058
41409534307
878426450
65937505591115
511388543
1925955
597329731772
862903381
6752450536110902
26228
71508731258080099
997165309
2281976507
739710
441194421862557098
4482699968945855
73771697105705
186365730
146067865327299926
421673950144712
62345
23629570480456083
5873445831412108
54361
979222
8938926
179947916
2014107351
255655199254966740
60083654377
7990700246
2233017363015880
386430
169272
885094712608070362
95942055
41789013656046590
7198883368
4738618793251
131902
8315868477
33715609
25100756881545862
103705736501896
87714
81933100
6673703
75052265425777584
4956674715580
70131101266160
30733
457738392912124693
601842284118548853
87623777674370403
2141229
83764898
284986106
84879743821
208615194924846
2489770
184240
76416192257237
59688
77312
9759692734942
843447
777575
95309440095
26362858079180647
815949092441536052
9808866342804
861171247463683
348825966
50542143
907047873196831953
1138151631
25808796400443
5821192
694785846372832
381246
89349145172
83844869389525694
96674
8578279765978
52067991783
43641899
342704854133701
3148861752751
245342463
1584194046516144
64505
433906529408
90582
533617566298
28986900547953280
2960408444748
6940345928
271186273853
4703575602764179
745436901370881
22793101
21727007
326030646
5363394418293397
14213873376375402
702454
488580102541883962
255287268418408710
101577
43657910
50246990921429342
7751661
3229130627
675549620716637516
9672193
245533389997
903876835604
9021646843211138
52122232037301
809981405344
492897557
676159345273539
393431
9964088798885372
14156240
691408202050
46181
453653
7424452348092
98047272610
9856803
87611885027
321547
122538359
21274708
735651489263120
3679707673
745939
863015736
316033502724556
186531862009682335
37939951
13279034857
3869959458175
9822441
434995
745032912666000
645024234616741
140966419088
626610991881619
9467632
827004
7876922797291
83216889937611
88172423298
6924990586
588147
96293834
79459
77681454245030470
40611
1287095421592
807746321
346274532
928278613865810
835842425
44115633455729
600508214
379901178
503547589446939648
2840719
9258117875630522
3302822
1730853320
451375933
85094
995860642
7782767679531012
6986872717
1388459420
92419926972534015
872711
76069656394466408
24113990
55402
47650109
224422753965507920
37192
69085397
81080337
69303837706899568
94375313
210717
10950925311046628
47090978788458
9363750998357
97265412
972797
62176859107
847636514
528225772661397
879722752877006
43360
1041931204184793
16395907663
962679173
183013
8863073975215018
62198356896073
29631387
58034
956305075656
5734205607498644
805167
79406657049694660
701928988
230696
9168793986977
802536629660
1022636538
71167
37925279
385690145521403763
64850212428263958
1875186
980818787305342
935748501599347238
3338963488674
856945243801195623
38485516858756691
67656476923
860196018316
682082
32303470141353
98330936975786
888891
35055205
414870
660613084750991901
199084013976222466
9590501356
5971204862430
8757024329286453
839765818157563406
122258001930480099
86354291
22011031
68218315716
91219242123050460
40785823623
44655
76801755
292427
837746
451340420533231443
77036
432640501467
103799271549891018
55026500
2590603
54085451
138189069806
20126618
756376980147
15613
66455669700773
32810402013
835323963998632
85756928506261543
3559579950339901
8849453
94044884414
124449776022628769
22410711
8011143025549
4667360
829045293117
26466596668910
928287572582102741
2690745793995439
8824632243029
5264645306992509
286495935
917120985239
73429
627299
6813786689917
967932305
569325078192225
340542
360770187021105
713369562525741099
9040404420926545
25628587641
20082
60606752100
60775817889
88262664428683390
9179488
6545839527324234
746955953
602056
486278393708266
79078268
210008866
62674566047760317
1598881160213144
7456080756648136
93837
5560937873755
8276153
6238635034232
924488482006772
23948936565
3945764
50187220171
1931805496
64251463475567337
5586659383927
2330469
951972898675080
533351850
6340087197086377
284849
20320
5883732533
3162631394
21628010769289764
32941
2646533
8275828876
23675
111114122291
765450
526874
47637497872931931
655711801552809441
41219564
1515722795622
73132344502129532
4651721959789131
99217
384609664218
95266077222775
55088161
813559001291
454797831703640882
13158002501
57075
13633
47155501691971
62012281390
4846064157478200
991658047794831
89035858995150
990323631
6071100519344782
86417038809
77356529432442198
33451036
669577283263
29989434158
8969314847
334666917115761424
96866
727413901029770
292006878167
719780613606596881
83891974019272
8490934728429709
40135644947091989
96108
51673112715
9395660
839186
416629937734335774
759049250803
3364639620763
4394498137728144
8368747857
542794300340809
34164
1425473217213
74612766
263219961
869801792959
96252185318687407
4921068918936824
31158662
69528807
534873
837440572
53590479830150
12840886222365
10477660295667
728057385
333985085684327
195901976
9887380703
637979
207779587256
20019371443315
4655882918711
337778206271009
5861890400
54221981349
697090586139571059
4148502646
83951541
728053219
838059626
668502208075
6639205968878
4079023
7592914578
6750010
79968137163460294
741508560276
6089932
59773464544619
56111572
733922397548134239
137603
196988716766
715494781430866
528132561
358542078367337
7363953591
481526654952380710
427872
739655915
922928
891954599365112
88478214663579
46195449356137
77083150110
89910971221042
366537539363124
730897
31833872
94088087397
7983590237
841575631810055
