7046043675857068
98844704018
274387954398919698
841918523
84464474980792
51761586
200440
594043413174
963622209548738126
2919878
5464504366981
119786330526785
77591606729980
809889467039097190
6779429964842995
10705782766
92911953441083
293347495
346264020695055
612209293
8147706380674
7075749468846
44957336187055
46591
241824823573257278
29916900968
57594156679544355
258302446112714
787054263106
64454134
349966787321630
536666921072
7927122799872
2399817150
7831495382036
6688112401430774
87649081797
97633017310011253
909643294
285133400
83354810649118010
57369171
452307800386429
600307331766
8627806038241
536070527301
8496036593651121
488914
3339887467289
70690556701
9074041837071023
5862297293602
283096412175085378
191751398573845442
550559657
49949
3537933175
8937856
9102572189177987
970458
532189
6200794903785438
7389083
907584746536156
6152411370
74653440958491
38850
3091780451
87356234358957685
8389623120618074
752333501990082835
25847
234175031858
849996938870304556
859625018
70766437
3998183784039
142739894209187878
6731764087
8064679282483204
46574
83349179998840
85117
85658946
1311917065180
6178298263
357033
22045290496
57279652612121436
806842825000
32893228463522903
92738375832509
529790050865
685065337760309
493593
9047298636668753
964187746766
8831747631834844
823878498159
210304026123220
278749999577585884
11744991648729421
33072084958
8900237191
68010438978176529
23882
198142453
392616
9598415905111267
45795826679
5096629557
598895437414169876
4522451923457
422446
30337864
170593519652353056
7075537
7269834441164478
57476271961815925
3419251629
240843
84868
2873235
59280846
1772526
4249559291414
12450050363416
3377011998562
412175
52447760259549632
77268421600548346
472955147
4684602240242
7918550287
38122660591511
79138777178
572820632902
7539194494945773
7716324196173
65160798264620986
872709834584661589
5305904580901661
3468337
257736282538709728
6559315398181
39149385118
6812392433
296339653
6220774693848
838243883545
623775141619588
35547469345668848
3010635
89964000738675323
95435
6274960
1296742738
84192079233802684
53548
66763292507
61037111847401898
53767
97119488036062660
76759086350
8047892
98863743155997901
973245
3823222600015
8277077
97534699618764
1872474
814106301931
9511943
591378225
42278184289
9276906206071193
70151004755
31439
53197749294367124
4892102
836738837141188826
713788864444250307
1764796899
558552
9761847
4094734738032
7798519525
606436408963595
59185195850676037
959741
22476
600499323
70572008323372
33289242709730
93219299493824830
74879429756627617
124116378412156492
997066330106637
205118250474158
362231
4576035
40167259338320
6550157746960348
50543986402301924
38954410006
276596467349
59232118449735780
2509306
63097
8236599251144960
54818520642
30302528
3407153
78431786959488433
230599259
6611423983464
6799604495557
342685
576286085971380927
813779185068
335253224
34999393
7897793451149127
90380736360762517
42445085061827181
700705
6682985906017005
74849428474674
67937631958182953
34275186218
71797892731323
690241972889284
62868
205270948279
26878902
29537
645612
1113198545933
501994804593875
3263506683996952
1573021
64199524543818
63263443568489
5314081925609
405910142489770367
47617502742
91521
41902801136
54724975567
171492540
2191333653457218
95079504708
233875740129464
15104537486
6699250229
3278469059
59231
963549903225
9058247906077
1562347450
484343
27243181071
116792
805981
55731239305
290909
40866466194217
95373
403032
795555551146313482
636944696003
24501
46917871145
8100209
9026936998
2221751070
91298516903404181
341523697901753
1884417
79746006253
54770238161937621
6275542489483
979763009161625
61095402032195
625584110870
614429366431441
6450751
435914346
45957051
644491
59945
96028555091099
2687734
733037207889
67105891264
101316255628552
731020
30726891943
76834930702
7465050290
27817897695
28849121470127
391191177554
332075
1769893924677429
6135396214804278
643175541
2900914131586
794167
126876313812
48212875571650
77385914
1164772987844
590364004204149779
8746138974446
92905
58586466724
5971182
41232907802
734926861589826
74176374147163
2671533539592064
36896289353
6287984019389
3233345941
200063395
787112283780478796
826128
313155244432
98184130424
396380930656
6810834862457
6134347
594970178708844508
47326
6640086952959524
517213705
731171316229
7554619651097
489907785379157203
3965231822
2308366061905
377871781
93798234
2106680306
5872860359270
94106147589453717
9612103012232598
408920557883609257
705197053
396370076
966644430
35180
52745
39704518020026689
780814583245881297
59721052699347
8673324061
23472044269813
148702351
27239849662400
768097769752298
951197340738
70538657307941
32651468154189459
202867061307322435
768999580797376534
1440116098568435
926684834883602397
1651424254199
5708790971176330
2836402
372172598787695
71607
55944439
163598900868007382
645496
62185536
92295077607608816
556044563612504226
3237464411
84282997897710
2730467990785
850981
7710210
951610
32967
8406925560997
46167
8577340466795530
3754519152283
6680358284
2810021
475229041713777
59287567
762421
548642675550972515
63794933097768
8175480768
843013
97917
497319
723902141895
717355337924380
1960211037770961
2994257
3746360622535054
391699619406
832155987933652
55088125
84665905327
39511708932
6209646974810
98037569
60153633
59969987500411054
26838116
57700072821581
596614372
8145497279816770
513742270412
4491148646614
601964822846946064
358531598337
113185152
6926754328094106
996915372656396132
19420559
538045
87908348
482113
73685321
97091040485
674120161288
55548046285666548
80830479127
44243
24127794136
90574
66748
33464
514716302153134637
855596028149069144
408996028664719
958883
627747335557706840
72183
52366
399651895371
9110396021
193819039646
217098117779711
12962
355139
823585704
22280824014957
3988446
52283162186
6317055
10404
6035047817
309328523
509881411761443
662482
72016
1144514665
77755429620066358
1566274
646207530983505
9485029216
2557528890
714243520184633
1853937333454
77153697397
4683744984609
976945621
19760
5048713
46899973162
8484175601
73304076042425
8075908763908
7105008985306
162640278058513875
526778034313
28921378004
6779885135
21428392809
46820027051774
584335169614101799
2459794398
3943338743
97730666610076106
52341374989756
7139519666821
38029
39331786935191660
74968
18374
9086115164
5464395817414379
915590014095989382
36523632840
4654313192560438
341284
5019838210134295
368849
2721471266051
4779065
72977832559801795
429099
6855455815113
1658841576486270
980734646
59869144602822005
493332250
5243312414888
62163850224458
921793577587150052
69687
9397892065126583
5675120145309394
833911884007423
489545867130701049
36758665321420
502796653
595876499
8353427112467
2681562131104
137259712714
93519785939470211
3386377748389394
53696623136
7586124465015
13558382
689641
324078
52378
63971142973
66322993776741
559865917075594599
985058512042213871
30525182
4795608690322
190168319112
52435462932
4236502
3913659200732
9700872
345975228090669
616161359
2955287
7816619
68921
985077412433
398090
31520
403060936144
683020920319448
644950647303
74855334855
486672576710774
7074676464
10062644
89263760
35470769606014
51713268396418364
371309
365788079
98391695709
7532175854490
917577565
979916269
939819344561
5134090541475476
6617929
678594
2114652526808782
984827
819880112966
218877001377
8035159
408356844861
27756973
9194711
2606625
1285161032
57945582370017
588991416723824
6426547
300885517279
7615329
84997639585807
25134201
873912862
14969471825373
28414471906
306310
68845584465296
57529781
657006407477226478
50037
143171343899778619
115121579
676183254
6114475
173058694767566
53005879
223787
53352851
163258234426191
329735715
869818211151769
47604136520
2085454449
573301277159208
442785370681
8941790569
4997540
73095
4328127511
16736796
489664672966877082
425576826573
425187609888028
894072
181765505289026494
551227889
241759433
12975
302073
614627
91022336326752794
6666921673
6322267895
419030546
61509080233047359
60656757514467002
66986
41604151685814731
841152397350
73612623
21633237564999763
8946618652
54675503536822
93447032316755913
3770867149
87771756
825932293465
844460042047
7031618906338
130755178617
984963
753808
6348672574
9187698712
517068389602064
2970553
365180
80836624815081312
9534180
297288498561113
857263214
83469082839552
2266355
89829737913
974628229188866
3782213680540
75670853893
56571778
160785
1870179917
89533085657
73606
98079368412068720
885105154
942309
73164502737697898
638253
58085948560188779
47154
5959241027130864
638561
93715590613
974559676
4602324135927
31797073106
90498477821691
495892832
3104409600996
49641247830
70410223
275966426350423243
448409984
7962554169732500
54314484
65795931629439
9726611031571
31106872220353418
584223760
4028784574
1590132979
9405397382219545
551388
70159892369366
8750216
64444116
5255223338707835
25231976
3859790453793
924733959836560
50949
50375513871
939008190206728683
45490707
5454437
9588447205456
911739370287097268
535247210990
45512151238
2238338693524646
16038969768
61521
57344073327614
495033335071885
51310429636
3814209939531927
83423069
1256911235
965067
6620114859
24331345433456
665131324
561318488005191
16848055
5295516215
83283748
23410853
929586
212361
7290381170926
5754308308230
4383409
9023405807503584
9340616799
957972
747532383666
71282780
4950498603917
60889160
78684199
1487770680
183312407488319030
439075507
67558677
2274654
55110586375
704725046229974341
856582972011221821
2575525950683
76116585996532346
15346
5889037
355039273329
62638211161807
815307144633651
72184423168
60665
167865099505
36060730
1185606688
75275733
99546867810789
17637
775763970288139
774650309
1820671724632427
630930
13082
4477684
2003231266966
258395332656
257453514
3149864
779470586
5117390576969
44110
7653854317804330
990899054128
670674171939
6620858
2542082669
4108482485157314
78192
56834560895932
931364863
249895946778643072
980060792
1613828017682
28095533169654
563203551115
8691869378461
14832
5889083576
652870
1587043554090
94757072920470
899885040539757
519901081
679015729257408279
89493739797124216
968037944892693
3750794756853
51166052
48703595911
817058670078954589
20503030309
81464035825695
9645118034
2209723538
349942117078626244
3076313
411466561
7691655
122855
7918744
95114788797
744310003224504203
57863810635
987077230692
22857933556
3499893335398974
84549688275717
533352998457614
4820617018
627067159
72440128347
212667311303418
68980289056655
85586296
24346331
7453977401
2606957822645
44971823950115484
5721589
323434050
10468944599553
677385723439102
46276441
553880
27408572034488
82416096477812121
8938765825843680
10767
23277462
43883227326
211146
118429833518282
84660457127965
7559319874
21379
79617191483176
644396379481294
204438442787918
714775659144009
398471104
6265849945
35954976194658
435906622
6311806736744649
75896242482053366
657557501753362287
624270750
2569311707593
946061241400
3167636
57180
15521217413572125
105068516676857591
612994871056618387
7054225295697859
5445739866
162208163527700442
58892
11237
773817
7233377393029314
17729552
8667146432580754
398996165786441078
554315481
2980315442795884
936328502542705636
767348931844
742891902608
7010421
3883606
40992429228
7656809
98249082380107189
915389250086
860543266
372757983
2614877073088
24759213176
457693553060616
4393841
1405756094349523
116598261
75319102838930264
37797
639999
82041
405818008
70699657
68327
485832
37160553113
73968005475
394244254808
42257847
502288546
629827384258
63635498536
950287371417
30261278015035
3209053686
21452
70296950619168061
56443088753528593
60197773635029
24510056
35744275066890932
596633435329375
318353
4482909
4350010565
4240659813678252
719207
4258024701
694918934223112016
107115282947
860223
49142776989190908
2266667
4695628800926
70479091641
352798945
211766127164674
2382383542846833
393658175508834071
9102792766
561628147
322679
3024507640
78169812403
827820
94148616451
81507188115
187784836951
645325
490390757254112
5325295879531107
7928239069058
72750047
3708835010799
4310582909353
6164224
65453463
259272084
640157
3278483
97438579
78452482
895965
3031166414882473
19915256633
21895314
31515807673966648
828955
14137948466
988778
28107356708647
5903199621452
50925781
45171133663239696
7459702
81184505721906
99411656412237
6469468336970181
89817142111
450965962
6245727535
88878
3590576845
87643656589463
642441278535604225
6612054955050
933810794674557
6639844
9779620803139437
992038464
8394120
42982
6054618800649
64198400843629277
2552069
761619465753112321
122110399829670084
573982
2650090293
954248846084
5608522291665
32784431778
477754
991528824946221760
31812717
69868224871695
617635694776
77437825931844
9946011898
8959282120276
14697037052712872
3744223966470
258822
62114483092395
84191086552694545
77975598701041726
87495492761872025
38897172326485
88024763410228
432530507637
18215
599122522323
5640830262395
97678848786
887478242618
9036637122
23314
81023448
9568704727258063
11660887311
398779214332987
344421184596868260
2958184
47516247299868896
19268916922
83316
8068564
8891238
894162184534
1917713988120
876573325
58706882
8121329991765
82955
648369819164
556305470445452
20929083
516691859335304908
88441
145704094979452098
61246890
687318444221
85549900084
41360354900640995
9294860135502354
669692785998
2507099341
660840
7322219708858
276275
2264843106
35430872510071499
1811248
4784081479248965
7044085271
97475904242
17515152601027
40689007150762665
882138839899170
820227736533
359006239
365473
6596693
15988
94805
73652208796851993
63876633209199183
721205762553
72367126870
50840
2914991004619823
34553595
316856616096013
681836220
2740730
133264342
6362944
60560520867055
631114173335
551098676033951
3112687327
9743456
400794365472521
99786061506927351
81031
74910890184988
85329287414
7656443
622384
5477974515446824
33318770011747573
866674168920136594
55074
11131182
43435607581
240635167559809080
353099
2244646
86408607649127611
641936357117832010
335239515191579
2278260
27491076233581061
652694580
4079833603235
920467826
994423432990
530178
771343033896
589933627472981
5740673547
84646565711979977
558090709
30744286857026
979640131104553
3643872708346966
25478048627
7976565
96858289046120
549475238164
5881687664289
412142723187149400
673308028878878440
57792064830333
69804188564280864
66980000758265192
4694734996611
94131545
225594021
20939931964332
762969466517078506
472103420
658538936
37244290550768554
3646424037965718
6924626356140610
523972
393878520871190843
98635
36017659
886880707912
1595001369967
492220424948380
2483738503649458
31471
838924616423
880570498
674196719727898
4280593225360
890180665785002826
521990
541241267845057091
86209190866425
950265256
31490503224043029
8683137076026341
34472364203351757
68123
1468099529245374
756092
8164620911288
92220
157966089987340
221492933
225431943
67331
86694660
173869027648932774
8001969659555
28701626119
29047427720585
4389560829
834531882649834
3663673
879485
7949717768
63974040154978321
7895536
875886248178573
55712973840136351
40394
174206259921063
657979092711305571
465498486
43116669422
3814816091239
747813707492534
193817
2224220405
50320555179906927
98152370505
87516644735881280
258909194655608
376057385
9301606067
623031443031219
325699569705
533324693
3858755850700357
6187096139333
56401363175
346293
45104575
505930
23958752986
2890540
1592500847289013
9629384778
185963764709
509823724235
176486992511677652
6723234211956
3155174940231
5594236520
52912772428425113
618655645
427426984075524
9058271221600
96280570224169966
659804343732784097
60918324701350
94236676
575823917655851
4459354460608
9731955144
785328172
41308273
63163485737
85345391347289501
4427136516715
33509605043351
31622
34968
7043250509868
5696129824487827
89764095117056002
6342230929659
50553803998201708
4102147557791699
11007201695
7974293187675089
60243095830421187
980855904
2952734
592351483579
77941635837160954
770789036326428344
9754921475
90376939162
4508925
8339048
81465859389227
114448
2673928659935
27424803005069866
2402899645042
633632
7957605494329
3676365618
950416
7326550684574271
242295500449
4265057640917
8490261
18002501649511
68571289047
1609112142449
31044086
59352243
79349049130
277999032297881
4611142
374796575909415695
90111424
356493
98660910
48612762824062713
275456835
468732922
579075346795
7606902502124727
92906214
3516149
2946132173325
775771896599257345
57914361191583
3373359
3268114676
568510372620
1146556858865
88852
7303126455800326
383018449902318
15877668
389735005
83066599
78303801751771904
479021865655
5437161218628464
266801508064
2407889894314288
8441930541282
23239882953
8907848411
267317499914
8828711782406128
7571578621548
4274084048200
56453116675394
987379
341662908914
72524528890862272
1572314
852891863
996846
98609752909
6380022104355829
44588
28571246348041
94173986
2902845326
6022621
93343
86941557
55666
438117002665997483
947950
93698230012
2142607553084
5221938072
631940
177761482
5932187
9024353661435
30273752227314961
7951115310240
7282834098
204671279292787097
85351899780981
46303
994514895917693156
45552179580
239928235774449
186177666
459057546
846519701005573804
9778206175
3372815012
1057576
25560176003734
418358520310
443796918256
985543402826406
44880834195598885
8300651511658955
82444798903590915
80115528
146662171698273
87533454819314
87177266512602927
77690407065455
977236245506
503623785582337433
32049229219
9355461252576574
564664401914802
334624338248279
854840
426644761741
174254
9922277667
575046091512152359
733490441
55393328973
95557844
54835697328
778102722393549205
2264049
2450761
5796247273418861
366695142609
51411724752835
22983834
22750562887248
3886556610973
766498263485437589
24394
90704126399460159
9319724862
81444172332177
93011
91733487680545519
1012764298313420
511190
998215123751
18499507619563066
95628869710378029
148287220090
5461221082
845391329403615335
7593194339834
531242
94584301
15299142669676537
29303416077
6025710718454
23768928458
234915834615778069
876350149508199
45405299
38053
8393418165210
486498147279182
11158056218639
70191893061712728
285882923195278552
76572987227543
44683362139044
954219243588586461
70672806839
270778560623
7087944419984417
800851187490975
84961839564801038
16625639
660175218
36001
231306
122806967
61797
70717498
11742823
43638956315071
719625835729
9959602921153
799110436521
13259829303
2545366820103
78575
60409000745319
375415758793565799
997981974685
837240078
804061288263834
40708777
9518200185471
6372068455165
431763790
48909990078
901023
566972837
91002593382970315
355714149825
84404750238578
28404769
268562647824
453371615676469
91493
50178240787221739
57301566535
941180810
703698598904041987
373342394
1792212
728948524582539619
382081
437151460281191516
354202
964327612338793096
43979444440
3289596511721377
47720651209
856250399414519448
667782406
1215791988021
1653790010605948
4455720268
25798
569754901719869
848608
8451166887805
386348747551203431
1016263715503372
9541705281039623
756852
32675
4457883
846129
347661420678
4040022
7238978995
90321352396504360
3132226980
7139382
885203625497979
5226578366513513
83009184965705
729063535
19873081704487621
6483944
60811127
260636303
382480999692
66687
6092269441
59773999
79266799772269205
542628594592
110770828953807
6252391974825582
634080024
23450
14365838583
3594599
9603748934985211
84404889017
654077
890518779417636
20290275
159887896009404562
1214889544366
530602
3842804630923136
205189502741
58899088
1862280
542772785166
86217521768482335
834029
9116241
55284120
4406408
87066487458
82906587
3275078585
43315524564419
454811525121
42919611110057015
85010133
76219445859
7405599944
1882812168
44510215590403
6807310953123
6755832297
777245
470091139
86828786248
26966
843532569457056289
4268271368951
58642
8035702082068638
33798
78847657
584832139546911936
92222
43103842180757823
899320
887238349727890015
4807349610377
65751939205219
817976308519095
6017020445733
304335474
5560406
777899935603577
585974753983951162
8255398144367100
6106877
5753166009054430
33681530793334880
83009034
37869397990122
7745901234836241
71398951931
175046429863
1643942107758448
901141
159652586190016137
504954647794669679
67359962453413888
42415338
45312302253
5185793833712
44442
7650268257797267
57218569
92590276461973
68468725
293127500
185386706571075
241293980979631564
76848670811
74685332326202
22827487237084231
61674626
608030
401170905905645
1198383228452495
5290049
179761894253871866
247796919094
82306722662970
97861911543
543474
92558944773
17674061
61238736089123
117599515014564
865313
8397124363857
22405601332012
46551
8028275250
506414621
769283995508528
63181
255616982430711
669029863954
6645877415
6533500920
59408755035925
42725932228
934861632849
84188
892476080288
677000744313949
226150
459951
62383085799663768
392737
24131141528876
5926812003173
972312326461241043
507451132380989
554676349
6560427228036461
368128284121328133
861047389044996
7961208592124445
565627263831504378
801340677671
957387415723074
645163440295241129
72740
169892
557806359209
574442911
4804126709
265646
1773825568998391
51403
4599649250465452
390905232141093
40907332073
5534317
8463254
73751
603637353227092
8139818838966435
2410820317
74979538294467539
800100426
608846195565732013
718359671365080
773214524884
81123372308316625
9432456591818569
840034342
563773
73193624107755
912100152
712547164104973
564609994657903
49584047
669179
950950291148832389
236615
815427726
22825364866
5255439027242
3618950
9845340027191757
1100714689849
64523206
81415605710
6817126639
1126516379537315
9852709679
4478739943174052
8502264
4768116687980580
7958827
83830365683
7487195365259
37596
88946222
789796993122
385954219670566
2457930
318315108557
176298443880
5666534
6165471
3834085690354
8319108506348
29849
27434566041694556
174634358930475
38457238333512503
70184848008
3213038
984141717078967532
84751571815674
3275448
4027459599397
19446960726805
74439
903660883
434768
486277885499
75829210999113858
817471
864518
73818
747815100058
1768868139
3020903925334
42722995315147146
87604
77872
505708038
8098321607932670
555292276516940679
81720998908
172634
74033787571444
780589946657778
164008980171150
17822667560048
543970
8451640280
2426663710966776
947469570
18141
56473132350808409
50184741996
43231
64246987
52486429950
527266113358718297
873620796395
56459418
356056692
91941825206929
34880877328
784549
5014782086
2483353361939483
85020077
26616763
915212273826
109504
635778583745773361
65284833038239
621215559626
4269411999310
716285282
11460148398624
5204552
78622
27109
7791406173803
75163675902
224944606006
44206252
511577892280950
5565529912
9785656558108
2858174585
779155815049049
896729
9101890674712260
5922898
39089929360
67370943991
6384846720324852
531891734914568
30085674173
65940155540959535
903693
590930105360752763
301915080338442776
603447
414559
314554
45949
208241387349427959
6625277837169770
136889234252230
64350908205025
4892505540595316
299712739848123374
18949344
90510455747282746
76111241460087
308839169776581602
263932
2740166277920
849101740653
22023578333798973
96148920311
7937363
40373470782689
750351959678261
36638
17562
1072710319709
55607290893
435140268640
916514
74058771
3221862337009
9490755605785779
2347109443537
79513091911
7290757
908429
63465168595
77960394404244037
972580535
57972319105200
747740271846
639155235429275160
829432430916545
57380370709
35759477
533070443548870
8641260393201
21027257704713
5131282
726544
352307
2041696044
378860485
265577445785080
234726136
79451173519
774479559
7628592
9985468444435
91036844
83716790073
1223447
75565216
6912511874
763647
97685741073932026
3563167907193
17626171974
314905853
7530882878
316083584010051
435292344952313093
4495309624206
557624000698586818
1017385202514021
60496846538295994
82029226068661041
1237425280598759
78344894343604239
1913182458522
19779301487
437325487634
356595586870306504
2424847
74106024844285792
486532519700793
25892487877891395
68201565203811
28669162209
14377
90985065058700284
59504638371
65927348
9710139
7156876229666904
570567
368947282885258
498305892546495356
19660541506
2229921375
87795358219
185681812242749
54153286
73367
112874460
1359579901
48389348
81438038793
93739938073263
79895422
1034550
2258757886442619
955002192555670
75388040461556
174349
9097355
47480478357
851072961208637
550765
8228827546
761256959413833150
215545659443615643
40587
978778108794
79021595282914636
88808438104760029
6175283286278
27808463593
712288228712
90852097855
8619876684312039
994916563388850
87218554323
9581478888583
1463380
96421912571142
60302722349057007
53221218634
934921346
2480040742424
1545510657
9146074443348
818486482285781158
92853260603091263
61120691866
217569
112947962704374
826935705801854651
7110545372831198
4727288
318864303264139086
135179916211
3317048807186
96045730
82573988156
61662846
3856292346
189109398300482162
70293344
798393093
28622
9751895299384
157333
15498604790
396173582230
462726730557
53933484572970
49421687115054817
32478
331768565031
707248
314204789
23323347920
86411004350878
305802565423945024
33297746
78691452
40106086531866
574731363450162
558232523806515395
2428840086350
30393641321
950168696277550
88414888
7320277989033249
147031346925278
56863762223317
7730016
27311457529035529
9686612022108
31164458208915459
4988321613902460
217635477681345
6449733
6285456981343121
5487063280862265
111783144209306053
20657993
322376
38729218256
1712219095512621
8771224923802
250232254551004229
352565926484523
596318
25739044
10948463
31813
4545802385
233408093
2223984042899087
85584758
997112865
42194861801
80112199949632554
1688765078511
65219241266830281
582689983056047170
74087297935
439675
8266437931
24404
8249059356325846
565191420775
96416390976
24152
2289101437
462046
899572506150591645
62447957359
5278224346108792
4008457578885
4746561765040088
676324910583011
122168746749
4337242985
17178422
8516629310758
1631206185
319629
43756816381
3715019791
35820694
84172342
549824429478596549
35424310
37405668
8578795258580405
734909551133358
7583391
79691233
30708940717484
8311002
71829984351682278
3000561742
3824868480995
868448491581506228
37538719
364519987267805
147676043023
685841104588
3546222
2754736992482
232087512
907103408404017
4788374099003410
207585597898999
8425318517504
22751160588036
549753071381
9686740858420538
476296540459602184
144391
88405637929839
6881759454
141083194764
11994179534
165361494320895
370845226566
1601863
41360267525194
93213840869420851
111067680
912128
13726
2494804595837424
27608927364198
247872121988650
3348771
231457
263365
411481052149227
857044
709345443594638
56946727910569
9358123811761
316879890
765332390
909332900281101079
429607067
2284537581
6549304899
278181026910777206
301773271
65001003
98825096719081
289452516
95885289277184648
504640796001
2064125
567162728
23678552121830
6668401
24077323
133080531
68137030
40405169832899006
98408721174
280149928864648175
3158990788
40119104
611986093341516307
1334510
37847946067634190
950531763805587259
447489469
45798408225818
583484011027089997
90137560022
11400628
24796036327
54469166024860981
223162186717
29527154291370594
81593
52987417
79456
954512487629601
9837701279769594
702110396863
606613186542382
205442934231
871617408199163
52661172688
7365039002295
28756877834532352
501557078097166
295317208
93443415338599
40214
68228
71203657874226912
7029487932127
1708973304
11035166301603561
82876
6178444051
7900005
38346396552082
9472274
21773532
45542122166979
2090191535
72352666500
242494
8318247452
17151488595648501
5028744
12823220456909
7153619558490463
38902
893561
12269
21525194
728885408218
4659931610588021
40416725
71244705425704194
5726879349874732
2790572701301990
161876040
154181979194
42114011695921383
19698
17194404298
5833788045788
84663324
965768943101
18176841157303874
44895471
7290122273
9026353
515713
62826720839
4273881353976
264134087
523749410962
2502314731480
3404507
34022324
90020628
40931213696
8907080
57833989363078218
2170901416
92947
618185141136
246061889457988932
773701580801222280
7376119488671
5298118444774002
717330
37225446339289
446973541682132873
423498825666352150
55928738616054
5066026447565
85458982367303562
3965573034076
425514511175
5525191
68061635
97889806
6156417718918694
654437022168
34819674
601044728
343627014
14022519557
34747716
160386
586254516
53121066392
761705297267588159
662745
985683
1890966745680728
4280715871
85914938544458594
43888102
388655489670
364272
8042684
87330396912356
37269318459
200058
1528403417504339
39301032
64112418836
971991608
28076
52665
2021391240
5369928850038
9225602927
15507271019503892
5608503836225739
7082301452
9388435593615
76874
7145718630596412
52190776533363435
31692841909527026
8731973631194
5212503
144803251668
13975061218954423
1643991282
144111958861
3737008741311
632859463
653208332002717266
478148391335185978
9421192390262
85764915
888729709
4285412939997
643018251
980742818486867
584681566377148
42093214625
883601912238246
291343548688304
79601391014573999
2654155060826756
742506459756693109
80385587735905448
607989089171577
998133673355129237
79361086726
593573227569
7612748231
24148
57470034867701
6400075362
92059534
40144548934
314226838780107918
54697846
27772534491906
380635750782292
191741
675484021583
4394593
200053
780888577708719021
8677988581
96707054543175601
22656732625588903
39544007510060
1626500888139
550455110
277122895
39711828042413
713224106956
5898769709
40766186154893788
2776358846784661
8405168
8628595308209683
6779091514
372664880817370
3010501144138710
881129
15756
601842146839331
512750824549
5761777978
347218316735909528
59945
53642261113931
804480306661454447
59875477262421595
443939864638169904
599881260747412451
322029448
97360786977414930
8160864
211092049381
5892210631956
70353984
7022250
98251279843472
29322589190831
7341668968
21885
81294204
3274048478
2199106
814318
68484334992974263
60598611571383157
31128462990228409
69212
78278904
4966335488698805
91410895603
4276335
3642759826
64598689037487298
401872097528354
3424449776
8783198698945
754835010946862
7817100913292994
2084291027853478
87377705786260
26345024
334361705
6328498123851275
76290782927
89022653277
26311605
7025166
850463
32026947
2510572142786
61424299132667
78888
354929995868
280066191782752
400633988
299759975940571
6012990498940
671321181551439
221521
54686015272
1840194973
68922794833391284
764146713
820548882
624352060734757
2299555043770469
13076033614755
8809069428
517548
691704230647167
77076
17205303
47163016517489653
202140181063
604645157992
668565
4115804
411332844335743958
46489593
44374955
5569776702238191
17578
90599213
847062117273321
1267429920079
575373847088
5382860979597575
347883801574355
921314293163566
833423826989670924
12355188607077
53861421702648
8331395558663
203378308055740698
40617159867308
72556341
476016279819905227
734637235598350
8973100326706
5939382825
13323
313819493581657219
2851813520
985337722085186
403928
7108351486
9051745008888
82987656
141200300429425
805822053737
379386727568749
39748128476013
6225057353801
306920168831089
29127134765
97430611
866822610366197391
9755356109804164
4481523675780774
206747
208937695719566
99919782796275141
2273977704433382
31612
6775430
509432546
942229433012728
3186021130
20523208560
59456
8364876565
9202033144197310
7021504
42387
8351003789013
4626441022
557676645988711789
2457470014599839
242742254872
3545071893397
63548
12598207335671617
94453310222636
46626087088584104
494449673939953
148779134
486865436
73487796
4988484698
14757079
216857047778337
8759878815298654
197839
206718979545071401
349089604231
74148738
1333967623211
682724
55290945
2151126483
80063
2578562
405322849642016
566315132544685578
900738188480
846597145798864
384837666714567687
99685
74223
178547780
86787
567527381278762977
19224433781184
94996575151311088
37059182
28702349746124
3101452851408270
129040787004075720
285707112
752443143164987
8119534723
33217134021362033
979435863168
477188592238445167
825364512269
38158581367
931900927258049912
638596496
4922582
30444
85335135127
276086514214669
5037351611601
52877261080
96184675608
160066
46600489804
37318910
479721169836953
6988454913993
9572631
1125763
787014104774
6469834601312178
57047426139972
207871
412983257148463
71121235341502457
41281378556
2096407
952117607360
75562700900
856582449
584118618956865
48933048202
33279
21238
9200372
5739183168
51061883
86494212
33418249
1704455709593319
34678492282798489
3305515661559
72090944409021961
209120364
772218686523
97719
9707158730723015
3110059205550
218293698754437
2862145341835
70622529952387824
3327277613539008
7554061448712555
214560
281562
9549553
857798
639546911907
18443194790653
8050856
50980600028
47397
96190
905179
35257014
475778175207183488
7850312
42733466586
5932403
341244740356355371
66732
538931165
948423906700410221
23922658635677
6711870808
11056674158874944
661970401078998396
68391509
132293089942332277
810911
2169361110382143
628554417355083373
13418159142030
92052659720311
893544601073
551778506811329
269065111
18705491695411
39452358908009
55258850893
668760408
634869
96659057
2013394272152702
497122096
406909454029
4975772189426
9796358799298028
67014182556
260319126843
8205235192948
28413392937
56946370450
3827657192559
12194088
54567602056
31869376565
111611806958
38116996
435711552
4775748909
749911800
7352281394940544
392805250227
728047903734
982251666416680235
28084
63275279921859557
111482434
4363173278
770394250833861381
389775651
32643743357
125296
5682361852
992222126927139
556508839884641191
837782895
915952
6819527
25666882165
119155166
3971237644
41981628123
88697119361
322150287243
96893
40914469
843431
79925684
828417
232861011874365
4151620
817690056488989
1904327134
822330277868
8325304249403
626376738794354664
80533561709620
781420814263806240
232282853
4683065908
895516926
991430
602882930
352767
8899807225457710
340671641
62226905499688
892285092
41777
664109839704302793
2672636688
7445609197716
4760095711297488
4596252666
419695286140923032
498251348649762
66415237238
29378997513
780361295111
8665311
21810114090
966510
409678400391
49304205
889844855572269
827480920946
48775017
816783329
963440250468
775085540664
783298336137078
20949879234457092
9053140008023
678953353
8412590
231975
622397481183888
74607341211069474
29594148201441666
545027672900079981
50424744809106
8867403154417259
739514398685
9414282088
996852209870494
201306181729235
532994447563958
16522278026448
41734472829446792
436978255
7817150245
80317733
525991648897349205
8802721892
68076644
82913234569181
1659896679
34708121357471847
1519011476064759
34683855749965063
9504762817399
4324027025878
658906642063
372850097610304
28679298591845
98463651635026
54069
920631443
51152992848118075
96063
972907540
1981835023
124885875
694508549037152372
2777313323115945
6528196943731
48159495729014
695385724487
8926155117138
9191910893
14349717
96438350
833881055
699499756901
7558206081762
2323047235402290
728784879
72094407697139512
682558882211
688893794
78946614539389986
50547878634691467
9995384124
248710
668390198644
3301457528653
7596842643
996325735691682
9869718149
32021952951399
5529662052716
5900119179
653251788811
4272847
7889856765
4641169772378
5512733105323
76049861071
950872390
41610193453596
30168200127
9407892458
37308862229
8095437860892148
39122126273924817
599093264576565553
2230611552097
380912220568
72919156587066107
7817121734
5543214085966
390962218753
1214754462
373692617242764
21716680034
2499159648330
45671
522989887902216705
576488174496060
122020212
78652037278737389
180888277886471
66181452060903384
85949263953
83246
455788626538
204291
3611726022848035
2284401
66606966788610
478707380671265
2593610453680
6151511695283
5662380022097997
65514575752276690
50723832949199196
7855779605
528070
951813776614390
6116209237183
75630352
5835592515761894
7248171713462
1499714448
483825328108763899
87164175328300067
3930034503189
20776460750629
422055399467080794
6927399
170978634
2581817698
120139625918634
63446716793
14628759322
41169832540772206
2736594833
639526573
2755536840
7588036
109379497144
8143756730517671
9661209
207089
5527346475
957518836597285343
788338
35797959476712
93952685238480472
296968358708
271642544718
71665165061
44083049
84448321
44578525810294
1189305326575
29819213431525736
639591054033
44825715
852367706574228345
4630323337
9104505769736
84955015909021484
1739049068
670795905931048138
1366555558914535
893872922547
1947980310771
2197942
50028
4475415054127391
91481
462286248903511
146111228971847
4121946625659751
5587595
47618247133127278
61449
76637577436344
861726823301
582096333440683132
894659099289
289403784
1197808591
588435496506323
4280156518377595
4318188
884936604
5935513338332
965107834924193569
9431002995216
303247227629025
41945833057304
18210436241156451
1536020
9826640265834
77735233988702909
152449810
90355073256
74981927369564
4606876567751
37970951
3654635989003
5499302628351698
9976991604
191383880379789
11207401750942
2580238
66181
447044610677532026
10361
53636007938
3955007976161404
137475388
4902912701940
704080782052
6731919482
36726
165324956940219
1319577206
8768524253
48320
140736
549859689
252226005170685252
35439000420238
5249849898916660
2510019794758
30510852
44056447325361683
203553284284504
192151836
788073755792932453
390909039107313
767189460707294045
370826
365265537859
1944044149439379
138393
53778597
9351921412
55203493371355395
75117489798347032
63880093637284
5221452156
31288479633
71033082021525575
995126
4853669593942
86926591
157673415828
8720607
54081156623358243
92968774048188618
83647550019195
387605110798330015
696532611535
58426083625
8794565950782
9675058996235006
12780085323353848
761547352479455
245764813
54127519217393
7596721078102974
69732203
14281786129960498
17319409
7015147658
3887706
745987768
4699012
6083894821955364
476645475213091
5424600
93820
82469654486
72272101626437
866859622659532
843872238807815
709488403701554
50049
29299
3531537216
353170549101
4877995282455
9653858978453
9532941342646
50799289102255917
66968362
9245536810136177
397261442576354
823162920449855
79834092150
117949
219326926445
423434599485841
17190498454367
712930219635
2560980352899
99681681520935720
38806332057063353
