69597642866213746
4266512715126707
30959230
164422757963969
577742302
91095
56154094
619319
585981661506950465
1002047204
93564
792051846932341201
72340
74958041
28460
57021458
4227671
5985766
4804233
33295360884935
94692087258119105
809230
6273929369002205
2485062378
88979025475
358116763000657
4415836
28598606635944
2284410921
5776690130409135
778223542
998412284
5295161923919416
412182527430
61073077666
996546125379691
5285120584231277
946405
16399328803474
23627
54597341455415
9945365
6959965
42783737
3537091700902
213360322893384913
11742499114151
802971325513932
159910995966125
641612741011
628532
12699410
75104615284797
8597805168146909
970193091
50930244
66116842048493
3657066656
377820278764957027
71606965
86208224
396982
45101878288648
39172679083162
529167579369
92541211969704
35399
72404811061
4916867405
888751758612
97425725820499128
5383558493
6283891574489760
409539863854252676
69516546637360
2570953593652
8208988
332224485
3173442418005
75440061
30283642
721628326
27031257573069
6197003889
91072
3537509
68342422200107201
58782301014
791954421046536
6243059069821165
644618
94550715063
46501
715831471
123277752
72229710855
39332670817881
4356952999667
3880593
949204644
6669157661183
7081604
88850240814
5655112796025
47876342819372
5291911
81859104445605
431563
2405310
36032695307
723459
35968097825964807
439154369
57557581688274788
814828291319224
2631078789055471
92098
15018600785298600
30588
9893799245
6962745184934
959463
92491728
944689766871447
118907397
66169
2601515
85292988508461510
599415664
504008857
99367809024339597
79936
5041584284530
39236609730726
6743265308317566
7970039439944472
725515797773
85259146628571408
27880
6754327050613
193744866
14582086
207664
4649184017228
49918432683560576
22314
4009734869669176
7054240177262547
255385675438324
39227017880
89991391669
37431
3172957646559
2695979
4852564690373
921799104004446
580364316776
8123842040671
8023426
2217925942542
4202751
66155891030
39350837314501390
566119302
24490198475299
436088125
77453554292237379
776363216859
35584431542346443
68866393258387
581759768451
95614523281
1664833400
524005966091308
2865121050605
300433572447357882
705393982404
9657278119
4596113417940
3504333312
2500815
21045
450966506464379388
572179204002336
890476971829747139
273592927503774
642147
8701544025
4878236
6560845604203
5362155
543045544823677
32222785345980
7196514512084351
933284076208340688
2088331647
8962742
97095409240
60426071435722869
5346580
792989749524600990
773925607381142
8279661674607
96200731828
13409022
626138630
34946529081
47237800489442
855917
929224181598592
906298964515
747600945
715576004436603
914651
377563799482234814
262063108
13809448905420582
671517541864555923
67090
2123072
27926566435824639
30767763940810442
677290316517605
273870336
49757034
5282976026583
79480718
9718050
251001783351314
1784962834
714293904273447
25146009697773
539446856
69264538853
9936741
510379209601
2775535773927085
18794707636239
66587443
63128858207
33954462999721
47919757594
79159412313086592
4856936634740667
64004612579
9712804314012896
458291372101115
93520172661339637
160046940615051
70505263
61148917700
9916406
146170580241473
82444853032389893
34786593259292630
111665
4408817358480690
97004131364668
1624156
99955278285815913
931514445957
183490
819010104
685168240524
602923250
21362820914066
26774868
526126829158608
178913
54399314307
146959416304880
839163293
48040983194102454
285944462
792644155667
6666215959
1704593
6287448662
1789187801
98058975
850005041092651264
1438144100409983
34207
9799369381885
8605875792
19789457
8071430
396717952561287
883792
1241335012337
737591
7754702
463218424061469
47706389680121816
7545342079441918
861547
464739
5251388
539786
868104620
91640065700430
463273
931757
463424378860338360
36234330328954527
996275676138429554
6719340235522
68933212542624
424317
115362442420532701
554243236975
24720744
974813044835138717
286477289259
618470522007067
78408638
15585588
905555575325576697
19540171
31282343903
4817003441949
83516304186
64209
29429538038260
565000
28348466395502
272855233114860026
9682485940
5919929
260415735
34785743484103
96976306
42900737403283
54233989664352700
77677388195063
5210551223396
64599
753562912169311
408088
38688077
771113748
728619355693
448941
105604204778895427
7622067589657986
5071387172
8163329
6871265
50652934880494
4266389349118
8828062768
9351245668654566
75948301
565040012
8715422339385640
60226787754
5926071760409
58116859723
37673
902660
4422598
14621
1728263524
1083743353132
60165605452
32794
825622
2845438860624949
8366789
16575430374
6048642151
60461583686528441
29099
358318855
2748515106122481
80184945
40760338773737382
771680629272872
61109981
879290873615049
9571417301325684
2986446389248909
1486736678891
9761561505
79792
13918
606750491
96816085718590501
50638
3499881683
561291254458106
741394662
4870492
27354
378562337813491
537152717555369
83347106141516
985578
633011639662256
5504997
2200668950
146840
814492
929817500832
607816484
350805390110
1352263087
39458
5508189
997000342
367233
4503210259215055
20445
1300642529
631755968950770107
207860677
751094143
1729962021799
2199601265792219
95006
13047
6422428
6866956
702198
710308511203243838
881114
145112
441704
38139215886724
40133
2638832550
349328746629
16993184841
177312608554974741
6267590112
21488432569
899986
4913859
6449706630794
975918835441
27194538118054
55411239846
1344754639752693
2374380008907656
34423458
465863063848378
87529559510
3111558762264850
472770238
2362193
98988430
719320562967619
9281601096929
502685551347193415
25448130
113226537075
2531842
129936464901236216
689165929116101
466325868
835603359027819603
9700120444
683828407802
28730446710911
282317833
93976446358898381
5139983
237731450441113648
7245067807314
44300719349336
6673405260522
315532400744349
6094157
29428
108939428
1588386
127746743693
68192951485876154
1327915
76633096973947227
831564710459054527
62790061171235385
90703183392
735081558
61775217
38022686
5969626190
48569345197896086
579161
87182
3860771829122105
2027321491687961
7934980020407
7995905
58626595
899799290374
4067258769
916146
7074925204
37321860381
576352246623
8339541539
773744526683327865
6712660
9089676415615464
30384648096788748
479276488034883
1258571
3906134596035987
382603197
3089404
53983436116588479
8720418018063
681173615969118
3187306831702
12626224070715
796955400484441
258920497
2700924145
206766182763
91778
18469785500523
17413509
864173913495
9128281149
574183
24629434
1011451016
158197791288
215191
8544313752987
50958747995756299
8916940859
4837391809
659377760266579
92342815488
5362851757
564510
59843566
2764453414168
641634599653536214
89513584153
466756
9224807577
6049721960751
4197686771653
9533699566
2710363
722496933
6268048753
75736
35985816338979
42112557820104329
7652303974454
838432201906977
818882
715668338025
9290333
55563791990
96793
62424258424328408
2920583551
47905840666
99672921757
34423229685365
42669342
8880798485
452952
903540040
83911589894
85327151
9026344588482
57390915
49017743
6417533753963459
7479457
68613031859478986
3975534
558309280
16159481409592
144893570350
816849048
166879169
3388346229
7283047378432743
14182984
123685381141806134
80442
274064757106269
45227983630093295
3156056449
3506760839
6025534938945
558907967715499323
85966
47273814175
941445142238524272
571331134
842751048332197
1504232172
990835409436
596459614
906095
55332104486372
131014139772191
758856997333935672
631663839
55006730791175
66896418716382381
437977613479
514271
19862563181296986
3971887403784410
2011651307922337
281453588191
29746589855274
9319581260
82004
4604733907
805532082103088
820255355109322814
2459216963
268548
9148108
22654
3540527240821
406095162470
77686812140
12105707619
836938730
874958
7029488067486482
5519514848108
91181357536611
46345983077617
8522384557208368
399091783768509403
1389710383859
490041724657
57115
373719339
5195836916044146
991658165118
12764
66826
9786959600
5832946236
554972
6616795
26472070867379
52367797946480
594132926661
14549615331442554
6186615
53862745787699363
4898437166531463
47011257064926214
3767401
1680420990308
669716589883490741
2389657100229
38513087
35247024756
93785
158932
41339
107850796582592583
1606028665117
83315098
3734837
13301
1169189761720456
71006234
1936917302868950
6089456302206128
29436878069396
8289073864616181
139499841742
8371078611581
283456659
326183
26130001220303
8937580023
1887408660
87130
696922081
92544289
2840077081
825093556
6827876
2027348
646464701758
5354866086406692
564486478
6249204503592244
296161273235742892
7355161859419
47740
171175840531707057
8535055443122638
382696143
40101028292504305
82206578
71388731365920
168456566835
18206518667748
516743167078346
20726
19394
672609282269294
59025889018
343123
43134711
949262
89041991642
3510410
6961766
5731123369361838
70044429906628
30815585100
5180232
5458714199607
594254186752138714
5041315697624
1487190
530993
8907159374
57790
4441344578280
43807875
5073484501303
627938953860771937
56898494
84814738773749
47328540470342916
266963888035314587
43498
42313385825577
6618959092
35205
64621211183495
8819918
947634856
4710160
326961582639
14278771243904886
35654804
422019
39656260584730684
9386416902
3999516486
957564340394917498
90945783696032
96235217669035
318012885172
91372744924364670
836345644601
5011215292
280112
465835483938209
5474952639
802373284072126
5113589843544
2458091
746652792377
29997405362418
6837923
4253020101
3483631701042367
586035255646
75573580271872
9681905747730
19203013106659178
63787
891126652784227
724549
7170069
260117473392353147
129542270
709953
905526
7165776573
59754339203553
762462455
78558886499291
8450672672570290
509606070249426212
4266151121493
93095
969280533861
23657509102117
86505
17705678403
9585320493
19742652141
9062849743337639
109346
506606216071
581423689
880025536597
6491364
539089
6713233746941
624220147289
3055836341
31826020349656668
642548932496951452
361513320206363
21710525516365884
90937062206
316990917585
702748723549806
180970436228002
47160080
23488000378503
294499205
10986702131163
5644287529609525
42195888545030657
7923793820039
637041343900
762645625
778309742842537
306038362
8649400374
65497414439865
850639800000044
75707121
29781417679251008
3308449510519
9853547048602529
771086
213866
28854
36399
7578218400
12601442
114575960294973
7953810415
21993070541
4142718992970667
6578859621363029
17724
954505666669581
858294870649206
1992676598467042
8499353130092649
296918154065
3377291542684
419163112
569449767347283687
298521071
7661487567847443
2721928447677
29039489144
17711071936
15690
1221474
831232
7158331311
861899782428
419048
493545798638
475634802819
46404723241009
9251968939388
678287670466013251
10017158
9117760960855371
41078020
665054
5410368
348325532693018
412862863785993
5062980624029291
16841322
7473444216034041
564225169799
55217225
33170
375757803609761
30883892479142299
703292524
39227741
30896860053815946
33549241940663173
876269701192935730
2494692318974260
948362362004516646
590251696535
4706214
769733742227
85537397900918671
38451548670406626
2520188952420739
29064
939383139527938004
2348269002361429
475559336927875
390330453
2885412337827
495913565
872048
489127564
64045312696
72598988858168131
3337206272
2698020
586901066477364
49127
86030577133
694771
1649696
85924174430017399
641634553267485745
97111218774026
469005728
1524688616129
51110370
3174728
7271007
7578084854130340
21571980714
5525123
6911093032
9870081322
85225591
132612180671
652019
71982432
289875316
30676675420742094
22756338363431
689541205661
750263239401636213
35046
614975923266261
442752
36226774
888006712
48819551520277175
80222844403096097
86224907
544309
6248360763
6017102
276990399
7451022261484295
478378751395104081
23050
52043
281212507702
61807698507746
9590625840
41497967765
3119378
8820046552
371100028369013
44578702
3583319
71286
712901
83417
940525701846604
696974720021576998
797200488700292
6725322000
196140
7012465
24833954973798227
88715677
56922773956209
363079932668395635
2637016866366
5630844896
7765536842
39831444648
559493
685370308315539
7377278558
368714
2221545198
50681160960
3877505
32615342445
14813141
8574599
5761729125
6810293914338794
364100670198
63713323263559449
74083
412706
369567612819
9178530394383
97867628549
72661
40659947015
34458904
54695973
17031315
526806829281865425
38010906876
56047894450
528244505619
2610215
65034145
65753256475
181700933
82365
44135205320978
43839982
4897191
644088443937093
825226588
240301677
9226847
60377201163618059
22744541
848494639820
46086602133836
62077551021140
31918632643
81193584246642983
6872976
76655194
70178935147116338
87937
63905837327846429
71148
837785090322
466650543023155
9841113705277
740126170121
9002328
2242054
16896
953789421
25339657908
54345667166695722
265706088835812942
51531384503303731
88070718
4420033652
82527893
17511553
724006530
55794335558597
7353558477468671
6172095374
148228622
536860531239
7888190
666050997096
5671755756943225
7672906203702085
1899360
2671710347765
537805120072738
49777681
416522885
221960406
9190356329705
73337682604535669
172101979238526765
307118
16450
78558680
46453555704563018
71582165480
130185708997
287735096639248
624245009615834
3135893
74938145773088503
3470213162
213900407282175103
4323858315095
11429854201
56857355690036
57627338596
45201013
97552343
62882
9954113821
654176428272001065
194941274550479
50876459468310
450536016902388
98511
964939493
435174
285095795532
883366567552
22012
2469282
58331842771
701001
2262289165371
4268676661
745326247426198
400871923917338
245837427
2482699711937249
229744888429736
38192036724960076
90234723
981489849
24234767468731
75979779463217407
8953376283725736
320148
3588224
853212263
36577797423
2449264808736166
4403333859
637728196
315619
3770367087534
969334885
890550324591205
48829443721489220
8578283406
68219
704349224435
325893515
37360422476623164
5007583
4313333074172
641780763409
340734281110
829628399516
6908256409311
1657712
257610270643
8877210920196229
5323858601
71155544
176230944784918
630494871
45279392556486
44990
98555068402309
358130
565985
73425414032
370685890
243198296766
2715110424
68709114
793756071407211551
804678556408
96367
634985382506164
524427059950732443
866405011
46804594936212050
265070507369
6607030357749
25069465326454
8312367809533706
4342851
207001
4313944076830
228404565871111341
57522691755760230
74645
814711049249
331992684156115916
7345183
11548427805598730
985762
2506919781811
7133645
11312611863462169
60697632
526928065839130459
7751668664038
456016622875
7511123611639931
2289705
498848054986
27887
31415840651036032
54404098324
16668776339281
780345932738
12269062530719
12336540491189623
64542319860233
349869
17614450453
1698584
5228233364
7589625
286673054400975
9398686334
748117904576505
429432650269205
10864816180
56494090625575867
24576
20266624542772943
242572389
4795168220
51465861
32819906562
8479447
130557800787536
431399988
697838705844659310
8181723989069908
74491316
1216182984699
8988128
86514923175624
4819914
2589994886
10363604820
85834331733704147
4589094881995
25666
1483775331
176232298232
297022621698
3259157360934613
213386624315835043
12998765095459
63039253
6123284689
71605162438143
47801131239790032
602948
175967962
7953064
290764932032119789
268114784623
71378780563
972113575791360
36684558496
47521895252766805
1834555029054
9674597416886658
53608858069196
492644554690817
73867
7965003744
3049742080
309943802259253
7786740373222
7683570087034
8176050184481
23771242674121061
905139199975846479
591907771087
6506740
539494083476799
4139608545
8653671
49259678353589
1299604
848610
19000869610809041
34865739
779436152158
6222972609494
906983081036603
604551161786980
13764338718235585
95435599177473053
42739
96309092732125
97744947
53925647
316670921460626
2511793533
7639388003746
450238
9976710741
95030182868576
66393
209508946624779
74216033925
88303456578154
77626
8901949455
765778345367
3680693700
40550307
113759935
930717375311365
364401956
5928704
3256048
326801784429602883
435285659942
41734649679574062
55622012782847
36586065858611637
55734
851663262285
6394349375327285
69202481878
8095645
59970575
4327461537996
44426
733136986069677437
323993323928
104014159
2023610721
3912261540137599
582176
12184
407338171998092507
340264998444046345
1814992186597
369012897
2155333690545
87468
148929374331
17016825514154361
714801
61137849767
780363
26026382283002
214112939985576411
5645426820478
2422127694242
52474896
19643
6940510334134
70378452627542
232651
5039665338220884
78986423673223559
812984693086986
2124239477193476
1175579
443641044776402
8301791
1064845
54158
3428821499022
583038680538
55629244370905
9089402929033182
500866771
14511
7781350785906873
559226663295435
946072
36625013660
4108159
639186820972403323
152407232681600
1738390892
31696996483
68209
52746
93211687
3362081157809819
7161060929
698478387016819155
7881452080476
418353
6851428718459
8032822192881
94748
822153536430512860
474264
712797628041751443
109584672109048476
28010727158009
987268400138459549
5036540005
59749331750
90168305544
67192642
35981
157487238658
55934502
42504803959
219311292939820
90170279192
89468053065285001
21891
2550433
76522285123583
75226
6501185209
38872360
6241255296634180
71889
8040271695995593
5945351
36217394317397719
3416486130
352095517458
35052005039378548
63860793953771
755869696242854664
956625773973619
6476402879437255
9860739508632893
6601993471131
8947851
5140365
50654771746
423138
4203194524821
37948319737641430
4964146531557
8390856399
583173570920
39754808256892
1909907
382327243382
72050
4978602987964
75544929
918733183320691
917361733417
719107272660
9066116
144253
84868
446016
76211798833424670
778422
601227787596
672612270863733
2860657335
52839332209753433
40053344651996791
1017807039893
786606868
335330
9802428666
877447734960
228807
26287743932621
63019317701
2046665803768
283582067520237
4973146882
39093155768399037
583754
66743608470009223
637453
84638479
670239054813151
558105
596707151793
5778201870977094
81625374680
334658
413036602458162656
422199171
9984030713
5230953439
75154
37923276066188
925611228769262021
2427514457380155
870554590588271892
790759264
622790945510707
659253322043275
158366211504543200
88817
54218
842560502926473
6984510709554
60770314417
2616281
7300730015275425
902530509882561777
1753192388387
89480053685459
186790044485
57348748235
87135126250186181
323587520
92791325
21959478
861932585174565
2569677076794600
6487413311426539
452909
630908
138750172007171796
7543913843
43624171958
18537491269
309317
9858328
484372
59219071858108524
47980466589642013
740308138559
1753212
2326691385
78010360011
296875463980931898
816990861606784
63742016537727
790316740540174
1681185
1683564
106978666609133364
2691283
68619449422
49589
946569
85285179325873
82896
88546769350
397491949
99119303169610
5215259421895648
806774523792840243
7827143315
3426345699703
42996
87172698245537
205279806588230808
85480591
7625908
2973264
369320725
6168798285
6235123360
5439671990774
7896534
2350578
4447445996709650
9093931391983
90909796741
253137445721
4892980315453
8416809101043
3533099
589989375943
23672651970160
68910469
486609
70699020462
644095280069776408
321700
3866792
26432369230783
1790989
95659130
800485833
3948911032717934
90008504813770027
16124539077008
3518846871
20831034
57867662974185
3048338792864715
2432256476
87270164153
639716933490743393
42129434
165839
37000600121566887
38364625900100
86442266
6356741526016
52690
640726008757495
648327041682596
421834806534
259444982190
869519
5313113483292
98325
78114932302933760
63215524552735
49398931153
690404494580207
6273054198
804829277926
9779476002126
4173420
11230819261065
80460184301686562
4635809
11305733259789
769067627
244333
26671626599
256817296
98005710125
93299965453
1902139822956460
5057639
4865730
3074038061512
9341997278880310
702699123589216036
78526033124
590691842577083
463067
72198
620284626
338429861598475
3796711073210
93376982935083934
294329497
62078614
591714
4664403764205
605941468327
597131294605016
19768
67937
948342180205892510
386621261269
98154
906307247
8732112
70422
282000115
33589022204
12823323036031
24223951254410102
430919
3565282981
3895380458945581
26729687248
9016585892868401
4788943066
825736338988442280
7727600789
743527372128
64020424524
87170135281140544
498168806
59154577999605411
94557617
653335425812446
441584603238679
55581871651
8593320315887
9765798
6610772003
846189449306985
20311655768
35617
656765
157288199047
14462760
584192389624657
611960
626011
858289145271631
944177
134751373231
378485663
8506094780
7556539399559
632435556706
53575682323
5885550239314952
42295675679
3380588
5327422
2998151631
860300423776
82521107465
887626978515909392
21563568814379542
606744137
45030
1288112613752749
795368867677
2750517500300
97835148074220
257138007
8461180584622
814022512
613930117
150055306
882940606298430
2796174029
38280295
7985244610347727
37755201
4289487717393
274903693
5218679719560524
875639116624877507
940442679
3614140
127427
7516545922215
91516793220806770
9613071563
623775710415
688380317376300
165616
7022182220783882
688285360
8491573477
73641328
499666
657454437878835
954427728
9098039946
57746253983072263
53930467
532427636382
189197222984960380
28004305561656587
37501990
9619297866
65774191914
91021463173749041
631895
54401912465534
4780434
47928945668374
731252714
934409195
8688496
141341
113595256402998328
95339967564693
855134413090278004
455682505
970059
4039364913
969183298
98797
3607974783
676128357374678
5320373694238
372778677482763754
84891687231
8934843
9893467093254
586167172189
6606993093
528976
539855372534
825706043463
92019826309
38583702
80455773827506
898109903
13750178
461566584017
2325837
5167199185954510
2237519
64601897
6940478
307870
9673635408951
13530219363
4490012
531494094
6365464434364596
3135953524930
5373450
153787593
993865555121609
17497995
88781993748
32504392912416
12821230
788398329619844889
148351984619309658
84423503077237017
96710417
648257195987
36587984911191031
527497067
55404498596647462
632419577740998
70533
239508404890409
12979843979417
1630002312460321
68953076855
82877
3100276793905302
39798181004
8874139241453
42318618294059
45522325369
594872721
9997015293
3689173994260
83505670798955188
722885596080744
16032692687
2027726142
5275532
50355202110648653
826046961874224
252397651
267475
490157747556
651740591151623472
9269510576508
29120023347416565
33495246462593
1605260249
217545523702638
4003417
217324014357097504
4403504462894566
195160852360657
76544485805073709
275747676557864
486954507132396896
644920
49200991288
2782404
5416642895
9450509779069209
31658472363595
6514322463
639352009993
7300877407831
5822272943724
9020876393397196
261705952
49898051
63732328270
39965317679564
6428787035751
29147782833
9812469
97438664
12399321568
85383827950147050
59089219348279988
47514550319146103
36573
3411721
118843000
606502
89139206870072926
337779040045
5951108590148
2909360
450384723
705167463387730094
678642263936007910
23736511693299
6347678
91927202924953785
7854297697443585
16478046250312000
68899
7117388473578
546354406704356
7411897810648360
9367543100
50403050702780
11572159068757
10360
90861343505506400
76168937313
269607
219443
556103973
13406485
338523697143305525
380756426602258275
42576488
655482
4897460681521
52656612510242
117926987
132903
81771743722
4300039
140417664801430640
50819526
74027403638654
427468
1286561841
7134494367922
2989939695259
9606209718859
5205042
39365892686
99062005961
654958
9450562490474
513312927
8827985
99235
29269199870235
3710866327832
421091811
59499045311126
8527576367234175
4229861587020510
96543570
242419378449
28504496801
21984
2466271958347403
246098
68415692
668838288274
34516081
9848575
781571815673
72081751116761246
4417063402413693
45975983027
86214183670212081
57011934
2308803
96646536964969
2252615582082172
544408757698
24621
6140826
17996
6181598916705939
579484
37809715920
734460819832
64299903729
384486364992
874088125930
388353
706938619677234
46521
34235146139
23963452666869
740875225901611
95500768523
358894354890247
7885914048
49732
1791067
66839384969257
879247288798920
8956717
6238418188
56164810611791
271831259495559168
9170880255091
97254543336
991545588
7814543466
8590058592371
81557540458310021
6490190955181
244541786529290
88892104764862
55104429021
762871756023
65346
520478890788
163915
27840023
103756317598
18156357890344822
9907806
648639676873
573133713600505
70689289
859982067
27176
6902678441530432
198806238322116
947240175391051
1813805089740882
1995133280484594
52193415722456925
9251083432436
5185633678627309
4276689639889
35014898603926162
8477069567617603
341292377
3240490609093581
122792643825879640
93854
960841709896884020
505415909
465961107
7009510122168
2053511057
4316426
444547317839992001
8770938368528
642070
4482744197773323
746455888
67969505525
5236522920
239559675084949611
31830705204844
438193070311
7558709778768580
628133131234
2495850406824
337387
87469101608896
5378136618607483
16895287078227
6550533994664684
6431253059817
84381007893
193036987559839413
634053081
8154600375
52445999555570
64986597
582067465114087229
92664818
381634
6650459296698293
50139705470507934
235111691439
33203
254772656
2233179182
894476
14908622
6528667277083
24877179536635
8711601200404452
5230201088950287
3767643403433
284672550481692153
122254134348383
7156469892677465
84216670
1607981122820
4675609
78967532
685404
3001313639381483
3832222396
59376624
6342006
60948465945
3224925784941
7836887958831
9400306010276628
129836143571
5877874233248
605241318
46563961584
79810186504258058
59445716
719307190102
81783
8426606770578
372723
7235799431179127
120609817404
35900983818
77772090804776
6129229
436295005067443
5521941
5125461375186818
3133077
622096
5747986752508387
81492
6444509520
395741473
93758854068225547
388284748932420
902298304828104877
3377714158385
78596918609613
5873830
2076820
70455
5615043534344
688558999486768325
8959145
89966968769406338
7911483243
60593821368861
96403035841322
443121749120641708
972778591
559860102573364639
1417662846503791
606644151919
13045004
46702438825
37465032804
57203
1114486
5416051
6349178218903
919791556179215
803289359121
66127601897
5151839
99847818
29993040
5288505480508023
731458060841
393064
584590809974710528
741876857561692021
7146743667656173
95291
8542606087859
509531318132980
65916
285721100924
45454511313831046
1464022634
9128804952432
4484371655703808
631452472
95269679
92982582672046588
3573697446496
814632
9880737
8100211028144
58568339580889362
79044860155
63528231638900699
5795147667615
98467436799993888
266306091714181
820647850197779
95184633400441
4938101182
5037592124
26846259009873848
3251886057161
3435702891197252
87467487
903228439675425847
986990844271378907
825481038
245942503257368
56065046241993782
677959248010
338717700910
6271247642
479226498623
7871280689321
13557574
1784892287627905
6844193487433
95786261
580309412139904807
4159670
80762
877022
360056315304390068
77455
1466891
750208467494031284
56107872081488424
987301
503954846368683939
1999994167
5119797402
396691022411594859
257046753
277932090
7569585348012
67420418111
480191403832
9941996202158
392967853008105569
218960
31847104271
85584806356
74080503
99557082807043236
58095
2637884380
67156178622638922
5204886484529951
798215693
2140930852
871836613761
114599
53237531706958012
55053828869332
9028518299842949
366036870471217885
194517158373515467
95529579
2972117272016347
1155618543998
81174754323830540
9220443652058608
2294168859907
5314520188919
565167650300873
9849242920203743
246046595781
8919746672405460
331467941
90283042026
95526069598235178
693877027
46287293
76504373
42689272983295729
3194506
39363509485746480
38732129830
570881921109080
5568103467072092
6203936885
24718112936886
782392
241722066224
3356547291295
4482330149
163932647411391171
291536870255
684343093
160600203
70484812
24881230307462
60326673621482
483791930
50150
13107714
99110313551
650699504246882038
955376339
4761809219100424
301185808827248260
36813198952770
90667046776333
970674917561014
5109292441154143
8776727620678446
43575765
760351799505705474
475210041696891
51026446
8163812686
84406597609509353
321053064902986
78872660362344
891423543115
18269455
323276157731218
908693978324
12459
429835068
7375948227270
53877
195251180166
69946814749139591
63013051
5644203368605
494346
804033554433501310
8466084376257358
8845427
48959124713
34761666537374
45760173570154
336438
6058256635586248
53548452804660214
29078290103
869208832694365379
31535360
5493211839004065
87541045330895
24065081016987
8563129335921129
605107319296581
23699511613
17980
4539994222772
7066740118135
244191179836
8834163923
12082264762
40468
865664179
7258292819432964
975641290
595844
36017298839176753
612896
5200705207141
30961702
8799891655987568
915870113
384773
462756685
48459
15404945188004501
16444398250009
8100122875500
81782813450
16337508365700
6269709713543
1203312965
14446969912066415
88881069553725
4857814
6643099727
186843134
198780465344515
4447730828
13844
539338
1772859
74303955096815219
5385363900141019
167311229784642
225565892
78522767
7299195748580
6975196137317
7075647616
682214090315747
24017
6951169338020842
95046
46948418
716967036433
13667621180397
2319445412
4225996
648954609111489729
420497374651796556
71051540
84375767936215
7207518108699
7042833
76438411
145075898848173346
50041286782910557
220751
587776
95533729952267934
3640322316142542
38619785
60858077304017670
45952891
462844681
3415046301
67784189639560342
879251
240467448081
170098856888361707
345102893911915752
7246532897567
779322586
3944320023860
658555811
457713078
646199750694859
5689825736939
2941836544976924
2558174763646400
493757
78983948248112
775139875741982
9450095
908520714
33055121772
26710762473111156
49415750802581890
406951000262
65860454513
716123
93540783337902586
81245345507011
5473944671
3264216390398
24858354088
701169
61874819784579
53830516684504799
3682595
526878
45467291208
5551053739
5464385191054
494914735899
44159834511
53813833
73278252
395890656
698646683792
65063780
782363308
208673197
90427
334513455
479198430
501165440781966655
704069293159555
235143750569112
102924714264
515204800920894
598172961373488
2895703
20857903848851660
40222303
473656
83061881718479
7045645385340456
695454571
18939533709443
49909228
8791265769
487314224914
173427489
312408118
781309302165147621
531520889
766900237177477432
2547046563705
71849036
55738058
6816374934727294
251510799501535111
