9808053
70235771553827
567535797
428952576312976487
82792
430720438925129
62673
54448553052
77714986248
6340928245738284
7278509
2123992382
935492333913
99118
33687708505
77783405794101
226642490789
5182733081576
3034154204036
71521617820548
223421615530480783
13162175317654610
46335876227376
787096420295
3631463459912
158715501338926462
87313
7123428271255294
34221702
3129054614968
7866768513033
793838904
765453
986913
47684799
489292
539876
4817777951226
119047
90224565489990144
870441986790182
32611
7117709654
59686
87040
37695523
300319409395492
79997
652341803566045373
9421325887
108007212
62461541426151525
874756596197976
4682916483987831
34404085990
221054510
9379266272216186
26658
47854525127831
126857
543018
558864653527449
495862304
758818356
17568555928429221
583958193706527
385076304468
41110694
9997538388389766
222584193396660
93830582070782
587600684604171
6536656696749
6690820
9568848866933
89488559
2349372024977
586734500410794305
789274366444
171229714372009352
149185596017563
2317252323
93282220743506425
2470582710570247
9884612738083
857175
240294998859481046
28876756
73719560767268
40916295873192720
64020292
539435717
146005
383856958730
4862014373663548
341458771
588970688
451031
43721300
17436152
76719996267673497
9068773257
62932
12582186827944
77405346148611
781841
8845889700352
3808509
8108636751893572
3970939447290207
69961654916
297325546392930553
874141609851383492
56301372622408
618343
7525108508
7428339374616
546120951136
2065786428
485711494615
821159
3754731768876580
19344102607445365
13053388131298104
74256140550
2386534697
34069958
25858302545701
196959769
423292375146045
388018080701
4246520016927
6755336
35532765635
7759089816
83637
4579131569824551
733584622100
932610132981692852
16402754549945
456493432799714709
5785714986269
523988110969802
47958036089321381
14712868
967652129167863
239501144126776722
14941625721885569
74027350077774
47818894925349
4558165185
4135160152132552
19176584354707
1947632
118456420106698
620729374276
861418
1106613054150
1305827744137
756996501953562
103119304
2337700552333684
36672137520119
5324582198351
57372584954055346
363040874924077
93739201
23574025579068
650289
17768
5703312
5125321872679335
8676598012279
786766387806
7370396743
1723963167
547977637
550687351504
39577653128023658
772573100155706732
779525268
960965719902
461190119
52654848
15497482
11403653
97548898
26863519
67230
835489311106478
5078737806308
65526
695197
32734034647324
4034305999839
626795
142246
1841653430712
77872717
3378933615062579
36503145
42034263531
70124051370
63147
81466911666432
8567290979685
136393425
2094816144224190
94836511
80778818878362189
882913
2396029
142493691278938
111990262
734633559967
2947265052960
6520501375
702739479675534675
9158491584937
978424126238664353
6168328716770927
780242270873877063
8067137
77486
154655175134878315
894656383200
1790365640
534367895
348361895542939
583603493153139907
65489387
3836565920605740
2503478999885468
387851614089736
53479
867131515965
536000976765538
839338155399
482862
735009323421428111
4738404
34252361939957
640784
1150157933754
6221281135967
6199526
76861
8542489564719
63415639442783260
257081067
327903081706831048
1587571597133810
179787570396
12014854115289097
79658959298
495370
5708238045687
68526536726999385
7098777880
823783192439614
551933495898566
322420709293894
226168889741109791
554919283308
709941345920870
336085838031495
47688388550
62405062535
592899078839945
4811515900
9935475481176
80238583592
42646504
243167096438711740
1757988037479
485666289877891
737823
672113
924785
9770723
4630527165351
31473371
409204808912608
48264875939
9529462662
77501707
99250910051464
936630
7124605830
39392339619319
664222746765135
8631512
56939889
162168
39273678626053
23137539
78660487719
32294497140080052
50013
594180505984
63356560187
714605
3239184601
56110396043
7254447
75355219530356
7333385934
34367839056846887
17338228165
3527271948302065
599779908576225854
7440575
9118102500477
787309242
877742143752358
10663467478368
413486479501088
8475942178777266
219905910309009
65967924
401630456086056
216534973663263
10843523270261733
8733554148730387
141079024607603954
548584671311263
319870255
818882
120856
5024158550
22605660594820955
906192445113
66474741500034
17452211690371278
522905634311921405
3096919457126137
53466717466955937
692592931674659
7188357396
236969707718
548035
2457012
99624222317911561
863142
970345686
2723395123815
15130282179478793
979438317
433052
2441044875
27571657010005860
21391459598311238
8911107
1137617908
8535794659525234
713115828
53154542437677431
325866478
72036308187091224
27692588
9515790282
5515313038747
55020758
4427152422
6668095023546
25790172796516899
446978675834
25693199
553836924251125
1655950591943837
534465641244017
31780573
7132923
331221894765364
9699033077472
11042768169791232
59964517336105240
20824096996
288415970634730914
4843619322337
8567507164
62193684208
3749898
56369237351509
19493512269715509
45058
2683865037394
2673070608
3100560313
816964599504724
49872
32787489281282
717321180872
417496799808242
343037433466
6004606
198220776054972847
7332741
45507
8251931252072565
5409308622569
63833750264028
64291262210993
65447837
113255322256194893
74873842
529670735
49307
360093366629354
8488450
509579726421
631351358
82520721
302113
46504986165527
281997727090272
4867366298986
7364512
3416153
705116740570414523
888903847683227
457477447666884
36049809
28150632568
92058961567237
871080665978511554
78428044031239
8849157
10629536533
95373736195
74376631756730119
207116219690717
19195923
9205167
464498156068596616
711881017315996
327304890393
231281
956270
9125406
10110850733359
65665901021083
50657465175
81697
865786986937569495
53803
8082372
37619284
94661251223610
15331902646722085
427700086
38069505261000884
376054
51634
6097330
189864158919509891
8429944
89450531
36461079455121205
68965
162363
21814
99448144
60362257311
3460202947889234
27562745607
1900175100
8291632737827578
7066125736194022
919740
1728591944106
39462961630
839354411
34092570
996703
515891909
3205159
5028160133317
52770717
925843774218
777126701802
5120612472172571
74910348
164229755956261975
3698117000779744
31634
735024802338325
1421347167576271
144827561141465
37229731795966
4339116
75630337
149519851411921141
8592188758492012
4572586439
517975245
93986922963872
575599128283109221
112815
13086750416261
976021739
63448679732
42042
512873
30577427
123016820901902995
14987525606235
8930484576604720
9675920061080633
878492827
1105594047601339
85830
1374170
3897864
8690859550
4349724
7637685582
73635389459
10852
531770936076829
54557
176537618018675
32489
786210000477
33332713566
1071516
947696961986
211433
7193261490249612
31393625877
818579589785
4937206696
74308
4986289
96345926720056993
324535216060
54855581030999327
96424957768
5934692
28032
6660150968
865687033
727518784
95738
721774949722672817
179916951014
172831093424423
38457932292
178734404
9330490132051321
936066856042
95420
159483
686683935903647475
754437872428
3333716837813
59374220987121
60723186018777051
988058656
2931018901060
636909416289
350519427859405
547406342
592101313479
908963
7977605523
50401928112503013
44337741114065751
358724278968911919
269523283
73535914526627
327888722
267949699
317128263492
131437031553471
2265534331
46833225
16597
346373708
262691162
44800846935158165
7648488
38434727017087
88234215836776
594996
916001
521414421009783
280385
4457965177143255
48140766171772
50459046439229
5258967600
500737077509
9610863329221
4536101510
60168827507
90044
8816169902
7888739
71591503149118
9263088305
9118609076367
29536717603
22259044842
378323
39705674103715790
8270216787175835
429339330841714560
471897062
27689959093
25544978
42916743183935048
479874663616
16052017616596294
71667816455767591
3409691
78332
2365594
281229
27796892656
81762851661870
82641
409261138746036
62895
64901
5140877922359472
8530911362312943
367010836269331186
28725949764258901
278485461
8512791091302
104854049166
2540630734135769
14005197048863
37001
9577097190757
8322194753972
8930802695918350
10771530213
198378628693
368839
794925
383828110349761041
5250842189
169611157585654817
723303740344
9790398
4388147369
303339480790954
6414016229271
3409626569456
68004
24692070
9620305892
413826290857241
456707232568952577
24649998035030
53351988
366793512
600709272
83949557827327079
218301220916
158614197
660256446
91962475174
26926651043903720
901543010808447088
139928096028175219
97235106
820441695931
510726
238789047739733
9320895620495
85320005221792025
7313258
6151750829084906
46552121
2649842627
29639939831337
6254972312
8960870316
109409
289260399773670
8857312
43888807796
568734
4912489307017275
738918004
1400989895
133126495468
52653112
58005587
447056868580400269
377355
409269423841616
18707852
2591751307456854
109820763728955781
582558279187
246034111
74509439518361
5441904
839718023927289364
872500
6113105
5270195
69495865736994327
907531124984192
755400
83966704897770
35416
5446764584703523
9678403193019806
32750164
5619575033185
533958
20973502681812
774722367694113669
4205869
217548267
5490235347954
485754049436280
426761731
302432168
5601994
7522550583733663
2147341
192435
732929
2645461782441
93945206979638
468935
247529403
757740458
27559485792122
80616205025
44784346953100
4280144
744231932121444
8073878644666
225886899290485857
60136233300178
36551688298
459408087141185407
2440803221229486
29268304152368
905302278
6247379838336593
242852262620
9816831789
83741279
478286573
506357819
93137771872192
35212
4466547927
6777410
968613
7744657
6508067
3803232450931
6552253
163125
6952342997
83338
8503401
50669668439136785
815198333
78005978
128945759411921
130542959578882465
3152914
10928093176
7653724
71017740397894071
46583347665195625
8062643971374
58982530
6794160589957922
5954958
62815080632811
933802
5223793326975376
3074195
96983583993
62451366
50564591
9823181649
64302667343358796
81740453900
2458748722
469522831
983581111155213368
89445146524649
75649554
216206955811894
11596191367
899640587
6332887
3100547894163
69264281854146
55396060267
83204727
207381568899
78289814
521072451379
753348095065907
2506455745188134
6470871110195703
143189249582
29366985096586563
798668699
4367067728883
4940728
50925879668330
432594074341
65412135860940957
9207697
1334970
96558117744
590331662333344
5148101167278522
62169506285
7397660
94675
8438927118405
90864585852576
898566249
5363252312070550
617608
2096134621113
3967795071213
8755683845073
881900023
984867670749170
4473688678477555
745660258362
83321266564857
803703530197
80519
104913
97345
7223897634436228
5079169
649151863054075
774731396285
448405816520
20264247800903
2167149808243
39179389
32388348544
185989391789
6879829943312916
6253987680150
4698159529234829
46636
17798970279398432
28107936717919907
342820961705459240
9125273028320
674874060903
791596696408907425
2130231300192162
80151
2996051
330256
944181118092762
5472839
678432077209434
488130641426718637
29276
622391174278236
177124037689887
42648
65131495478
378451184
21934678986
891284492
27540
3858212
165856422742800347
60773612
7128164922065356
78780
981683625985
558271527
899347955738
29083509968441
527588591216959
291908
561584743
5911603
3230210031501726
618878
48108515748208494
777767332623
4063107027595682
979625100
8767008
42386804
82381641
40286028349111
5394957821996428
5099908440
16478936184398
63030918
868079116
672476745159816627
894467664609728164
85634639
39685
91078
902545909919952680
8100869322197251
62158
459789568783565
6885791664347
91163078
2859958
793942145312
685311240563169295
963323623608
45131575
48376857
645109686
524820
370873031440
74429
806915640128040
411511241
1573799
785118154
648883573
50479767013
60545753876706197
6370940434701543
965669412674
719084158
7879203437732414
50800
57703288596373
218627256581882
36726465818
84291263
7599874750
4466664144169411
180766
75302
911712258698849502
97735292
827684515029736
98138332431905964
13355
574094667939
67992467
83102347548145770
790695685945619
5917930
10282877
505747977527845
363471196651805
922833918732
19511953036
8868564614749
51751016121583
21274528
6810811305
14522
57511096106
3606401477637293
42644
477738234814688
8910265959361
9125116840251
639931368970326075
29118525118648
94550431
49028962
621458856734823650
14434869222741742
33273603
5809565
50778518027757
83644
92500220199390
63574571
636690
782668016544603
7792872
946325107841694
17860
266700988208328728
35898534975
44578915309
3692313415432633
34986701951
18591246346171
294635094955
2307384990523
8144051630217926
355401178365217103
4200892
739394950029915737
4900028
36786015464620713
7144461415
3034163593185875
66320971875
250334091562263
203231362609994
90423088775010
357407707849667411
7375383182963
3097667217856186
88274461444
2201648486
867044800322522
442860431376053
719736806
23064486390
135509569049129379
125190058536377573
865104653830127534
674982
650481945415865782
243082429261
17465066695334909
4280546884220859
75077
86880304233008924
45917373
488522476390404394
812289580
6418105
496397375025505
170903
20718336757
729912837694
593934
6800494
537106628509805549
2111967458542666
67221078768150987
5969296178
54760043717955929
35729162481
763607
612969444902971681
4885119544696862
9318205434091989
67256895
69592475563820569
683796534
8451473650
9630372684637
8933803356574
90616730629498878
63039
7642752183639941
2941497368
4560170
4826863016585375
305407789
3472881491662602
39976619866815
831444849
379852251
99343899
828698657
3919970336
58625471556927489
171828567502188
5886178209
35080497
17826636035281
5944546237508
7682119961227
410167929417
563681518242608872
383081289
524526
540508806011
24523155790801282
5329855
6949286096064683
192935083
3882357220
355714146031
253262
293301869
4712836103063
51504410
238862081
84176377
8623779812600586
3834933846
56594483
61682698
782766405
962990212
30367779
503784596628876
854325228686420
198104374936322273
35081115802
1641428077
5486161670539929
4244086
31982692
8041819307707
96204107737050338
494137377781840
3573922055914910
903042175824625243
93465
55996194113
494604722
287278376
6786459537912138
311387643
2292005
6808628
6496524179533
18141938576
2156830479
7767078154261798
3376528
400297887
92565940896
669705911274149612
4055809
8168230420543613
41209395920
31305
618878568907
439160348271971
45416397
58616738794028
27427
6114070383396339
2635468744
43627757491186
4145530500623414
93776938103536130
408485325477793
5840069
82567
36255817780
196928152067745
22537556410366442
837684355137489
903966834578
314933119774
747138
6035859919
404455965628491351
540476580176542730
79146
4776459338032
87456851
2524162
4463691903709
720545524460071100
94769283
673880444806587061
471800
745399471847
3585053
745241
18712703537
34335366732
28272838338239968
65080502948569
279875609266
2787811762
60909711
986934304960926866
97036993277
3638143322
5695913062
4023987957774
71244123
23039908245030216
795976376419962
413986113641
831890344
1174674052193604
5749752585
5994224
33760479056909
3364264834897
726664717
882885829477446875
56985445031197221
27648962339
174326199861324314
44818520378
5688111376169
81395156370746
564196458774813
466563900745
943301721622
757072
70912268
217571745204758
739872553483
4444983993475
7878120
88308211709
56304959592473
6606482417083503
10254
8823833734
6881395638721
33712422251964745
67728524278867
269376307464464567
972192970554
425608104777
24290869739070
411456495808
96405618
1088982
4514167705
64018976176359933
332346268289756770
3200009158842
7135274578
480589665502
765657063
50678330519011668
1132645865
5356108693091613
432709244
373047161276864142
871958549
6073103578367699
97758191
4103976466
754993464021820
925743480793
78790009107969404
640803013249106692
94094
46282070438284408
66022169549292
576226
238272195
9406960952836967
7813776893853807
338111139243784
508663051076
6046024722
519586182688
895154574578
395835
131000988549
40879186292934457
42880102
4629926840583457
496476807943
8579634
79273558
1266289628906
5589037029446577
5913331
56218475
9046027235233660
74100857461
8282792999902
26998071
71851977054
38637959551
1688850283
1154688
47256921000954
909857554
76228671621603
238338754
66264
3449928631
65366640177810900
25687583437
605931191412385042
4345685284910898
64485
2541389432224
227122746
1428907226108577
4341977535
22215
26549
42172200678
2146918928144
39451355384
2938272106895998
73946
116384166324987459
73266073021738
840956
2998809899
86209
7300853888947877
248017532195125
94471285
36110668776691
74781905958686
620659638
5523518589098
2974228330359254
558336266
99485922214832289
64885131
35117163257
97745312015532
160786995046388542
1255481079416872
1705386
561739648502628971
22843221213433115
6190878
58900873929
850446534647734601
86709456664677426
7273390846354809
9602963828
74130
5312343808
26773
599685745
8559676700941
12939878609
397950697398152
4664416637251709
386114240592799446
2409941147
97344620374708924
175021000
1377986891656
1639324
6115085324604
8797841721621448
87234657029437094
5513221206
411020732837
24991551176227731
5369568598910763
991569
32062500548
78495503
201294920422747405
1280453374740
28083
50513028808381128
639151758546
927682353849486
74729
80348500249
754428
852595588142339648
45713
70330360671
6060679
33993589265625
7703394829352369
11610
529718875
477489331331
789360
61578852595875
45519047
5248708
69152172644
79252949216151
3852338611938
4505624042
39060870
8918981508
703523713868
634709529
22231721288507072
313757
36180620074452710
439943
6462947914136751
359883586601
89927
83171606965977454
58011967
81840546044329843
46971995982757030
7214203824
5417228
161651361
70402589999966959
48090
6368649294379852
949578
6290653253884
1159593097133386
584568784958914
3459951523825
46194090
5674350
4664915776815
64615119600825342
9703600
289713069658072247
471337745343977446
4989682
649476196577515
2063709218
8476447
5101458232979
791747845926
7057430352
674966
9475179929
784995719
57066
8383287807341479
219019082775
7359911
362067903
8858730992120
866831329156
83724086081773
579609176241
912462230319
87412614
92799722059
21530
36425750645401
8977238422195467
72581903584473374
398582940875
15069452214348
4170266
51659399587
59172192483
58020341831999445
4406008170427
171966223284
11939635346804
526863970
57072346052890
3205525275495525
31192292573358
51493495
1981937
7154534029912314
377094012759663
9641017269327563
422195
5693761120039
133695284
10090743539759
81796369343
548164228886412
771921213683838
48897528003
713000310271
631185677
53622626482334
359816
91231
2781759821
108049571356170
1323496748
22053626590437038
1842763114026
4524925517957631
29777105759771030
12048890074195558
268262244
7792537296478337
70481
504318140789287
523271614549340985
888032962850309
8323597779558670
936366419807
7889747498936250
5004694253131
25463538369
46062677325623641
1403474
1268240460
4296396
434417533818897
8203642971029006
694652
5559246
6356439956
38595342
60920234450
14315671957811736
71281
87055184680
97492420953664
1524291536
811029206179330158
4382263449
62369100081019906
76017524175
8250143077496
304384
412310474021
20194336423
65743
746157801363414
484838656969
89289279434931424
6586432062454873
16235776
82393951
4906687036794
55178697685893038
6616302
71158
8290537
24560906406222
54030396747244802
796798775
30007070486941
66542680726964
67959124022
5928952333521771
35070539
267750487591
67820002175124
7462521
5807377837848
258458727
894450460321596
938968885642
8105933284239374
717619
79138535543708
39312476473658168
74814284806647007
91402414624239
4455437099
2128471
8761714311133
202091
42594301848
35347898226764
993263061
223023
3957379259587
912229207370677
8822705
85896018484
90327507
528554965115
6374458604
66897662
7914797297840
8278657318
646571049633721689
84394898268892
85918571134460021
710466867765170156
7576520274
8664870
73827875
871272
2530348945987
1996416474267
66378672464
54649952783
2152779764672
7716016793
45043931081869
6981107056
1214212
26610094693
82156
3774724717034215
70780141783180986
217441810
23417880
833245997526492
596226530011
150099271540
83688260313224991
18675717506192
2955132926837609
203176620
6398466
3783310
538673
91706644922
6708267
562162969069
918523
37528596569
38496377513802940
545070106143
3178835
7061198
9672676318470
599680003
168630716746
41270877
970854673598977
760801724
7459512
73632880074216510
3415148702830370
609573
6726978512612008
99196709
55763
556107
6837677
37619024877803796
520181504
886079
85642574703502
45538428300958941
5635177362198864
9330462228
37398288279
432284865
258671060326348
3164743805
89673062710
6693012076272183
574802160
537483979
4291349696
8949468247898218
8705265234701
77943766032153
6606992796433792
7598672468328546
364004424127790434
5249154351011
24439335003986
273006584431177
3015036139513
84254357327
3575321
4757334186
50282132960048
87329621811586349
5037343138
2130436675
986742796978
94053879575
978571423243027
487244
75930907
932211451969
9208834336
935117
9689278315789
278496523
65471
90686
44568741696501
706081606669
87512840
1396039
72441
983666962047252
105216677407585
99619226
9306302270111816
1770570108787288
80088023490553607
802918608050711
35734869263358733
11500439643815998
25464115881850
37353571593416
8023670140
27641322065527
82967263055538650
858709544284
53455893235703
94196022
71954579755986459
30717709825
73572124343507762
93508
429602588528
6440027300
84873
55538348720192568
530950289996866086
840660909128
166070695210747
134583306150422768
789127300
55877790337
776330686988
62736
254587178605458020
527957153
2570234785195897
3552064835268649
713429
57871
883000883
99718347516194
3212191355
800000822729140404
589106
2141381
484667495503838500
29997574125
61134
360587788
901147537
4300953464
49536106454321
264056925738895
711174706407
4335967542956
42190976217635
418538364688665026
674334781
419478457759
781591
17257
443033677161157508
5157444751632171
836091228
27771729
74487
5965859
41960598402
46724593939617
14640853400888
5475124
4858213636245621
30326
655731
205918788
7253458343984
2691780
84966554676398154
739424014278136470
159220500002
526373
93032121928
22976615423899
96073073849791
688433482
58589834244
51936
542420970
562628146
60592012850
511135910136872680
832354604
723063
152564107742574
54965570082724072
595102846472116337
132496641442680446
190010472513897
97334632
32167455084
229578647026
5617932
94942647950373
948322109253683
591636989
45352380
172278
192298
24471
970706
1525113852
8289946176307112
412181648955413201
65187751996319732
73719010169
542743
839122373283183
92270886144
3816019900
94910327
5219261431499
796698774
45496852
4972952088629
29683
130188151450
88589558064833
738435
47545522934166824
145927289067
2618243
78951
627359885756633
96676356678654
4956514
27523
667222891843261
13471
649921369
896481421689244618
789507852
2174242856544742
7743933171473394
6777715898
7310350
300770283310474
7304803
48107794134
64601420762
8759418469014
24932001020
2011024
616288802724963
21307
50459076
4738321702660
469199930240562
64159961273
179433532496070908
2695085524
7656301
1084962814
981528113
301780647086544613
90047419
82830
301037485773071459
8953100
25077646090300
35924762082504311
4825479
328405
6080739005
67735
96231724499326725
27499486280057
89759
43228
35564314
6559410778
12688642649194
6143403
89520142
750192
3660512497327
5500687
595303932
5060035528525987
8093707
3025934036
63706
996917999347070
9115937
8612276982033035
167411086867
326654019081298789
149977
3872997
13853869130122974
445676742
58362237929
863535983
750512254365
9985758741214
5369120
320997740
87615
19510161
74345178197
9278141010
25192981215409419
15074
60678309246553875
400094039146710
80717306
471890362946206
164300
84242998011775
81032
2430479267706150
7643258112022
433506188074725
753081596948847437
5489450344
6006875518342155
590930640268120
108502743016836
125841035056
16244960
96334561
1549451981
467771174744
38723647
387093448278
650082216156342494
249368835926
54802298394978093
96558702
52453745813
77895
52484868672
682378770
24744030316997
19446
67905955228509448
512299729779
540685547446755288
67602301466164
7584584
526305312632
67352798
40957800568387163
328771746376
9741491522
64469186800
622420141
43468
8815665215667
32709815239610
16825188112
545552746381679147
510247696
69616627
62643
4206081340543485
292186725139692944
652348051380437
2255679403077806
853300233161476912
259533122997518
1404942
850980587674018097
433317134289707
949085813
1658731612
34488
267712636561478
396815480270334932
1053103569830
23225
66530423093
5835652820674872
98787498
2770276968493854
31461318676220
13843980635288034
657372
609109231419906
67812289427288
4632531504323
15701718420634
222654988571573904
526192651063
6243684021093481
180210087
537783728824589624
223856113
75925
48736005543110
9466378549180156
132915079625
18128709864491
273695229306
47734765961672
133166185039
3547401244
279909506359
4844223102111
5740974292493181
15552376207971168
88852482468
4231053652
430157237
18352
346815427800
22329
7763109143501661
1680821763
428403
16065
474921362340134459
68258527541
3589346
2922176704
974073272394758
77543702098645
980107
38679
941813405841848
301350831984337673
9458404362851038
947403780
15688174310043
949298146995
9317071655730262
96061147939215384
97361932
9467063531274375
6682471
97779836484849185
78194799
233921354798
9432041038
546215357226241889
66376649099435324
101237
949548599
2456238093082288
42931371
13924175020450
7838290
109211765874760960
6854109393917
99866468
93665297756151218
466600424820330
481682927
478005976540123
77332418593963
31707537816713
637067
4965363158656
86590694552
96782897634581
499203
35796626696052
489584
155447275215871134
432131374103343
4104987203
646455
57609994148
446671475
428215161
27188207766088321
2302618746738
110639354097
58384636945840
99126
13710
47783975077753011
12209871478676
85753
9327863349080996
194163330145
384086
8544457381557717
47516795705
6373159726283
90672976
126187922339024
798103095894541
1327615405705689
6035288041528131
343655572029
66137748478
446901851884718732
752013546672696
19288531734
5196183317576130
168896
8374910
658544452891
912430876856
693465565375464403
81595
26684287009852198
481559990509
3019287
301115877829174
672215125462
3938492298
942546946091934004
32627921389003933
154313417467425
317833781762121
6376801
8744917376586
705139733052186670
8080827048575
872040043
29527143
60902317439027
13152126
315534334681205626
68645378
16417
18920708837211740
54484442
60735126
2062039
306989992731
87778
506808468983804460
7741101
1187899760
85527
466916567972747824
652364438783
352904768724
90814
7584486708769
287975214590
68222
6992154849943854
720541
41563
4512969391
504682064
10916452
515470
93710366696742
4599624136440
475902365476018141
796266263056772
26612866808851459
7223125458132
877716419998206835
7872441
5957211207713118
129501755
17800256182
501524378
30485143
1166128
4935803
2442160822
30025779
81492269120183813
45611031144424
12739657
186462325026090142
4558915
85221589271
13682743818506
768763875819
108197525
7380592
34775462
589186488150604740
6616486
52896
68502
32783920294926664
8710646
2700979
84356972792119057
918858
87904489707133707
8956971
841440745952645653
360018680744734879
9415001
984958157534
453679408688
640081796232756820
942487901
7536075806776
9404690086
7676831086322206
39087718
68268438558124
986116
289175
561887387
8103906493
2787066
94322054983528
438088561754382
8055187
1609318942077355
90691653683
367122862126298
1800086936281769
525616
99468791340
6203319794739587
993640359706827696
186051503
68759277357272
99435
865133054974
98602637633
80766944090212
7193294
2083679189840272
791779221786
4589531
3151384213
886329990
25693506041048
206892888
207623125
8953421329
69698757707361
35596393592508276
334450371
25800940
23771730977703
27162341713049407
766970007844987340
741302712932945
56736303082606
1217113
4910808
77092474214768
968533431
7632661566
518109872
510438783028473387
50464132
85163159
3649446677648
79788699988655958
60216
5668038558
11763025541907461
11232728
2452625295
77282941762928610
617953
669862881334338380
18197534815
179315
353935160121518
66804087
459678534009597
36480549
8775584
97527675506907
25887848417
6087433193645
839507259
926432
8964914636
22887
984178405
70329340691
65382472
812522977028632815
99974860857
18212421500164
41007134057
73816497
84527571100340
2616741
303490
64000539164569565
47470
2671462
4309368887
89836274
72888207
51957886799
9043194551
3952576584
995837
815759237055
69636631535
93937
4846084443
356292933590838
591617818446163601
411182267168
92563
381020167562
86699
491160300
8601127256787709
69130958
1024231543252
982587913830
4784413392
17876573071048
53763472895357
71422683143558
386721133356673
661060
85849674
76122603249155
373552595808557698
97890571570
4409009254
123920749803
28395250678765
2896021405
812066
96282
8252677732
457706
1683722
5519802549
3903412341628
77609537326372
640090834720365
469458137151738703
6660583255491542
14919248400496989
71591024604
9511527855
140346848
9309312748
76366016616
9398048062732860
453199940518
40176
106451017137713738
132957092204361
9043052099558
28631523545485812
920812309412
36672
795886
33385457920492610
30026
903128
31968988
1996086
583040199890
568142875109089
9638242727798112
91749330342110
86526256
96091256739157989
494519
355239332149
261300992927669268
5342312244617153
4206083445253
657672
530793315834455
7283112423237989
42585405
7090341
918183346969836
67753876012
7267787232035
74138
23454573487
124263
714058136046052
27310110798
3586446014822871
14391520666378
5297606300428611
4308526478857
19754
771528631959220
78780188
7067610
60296275
43801923432
4778376539
4321046
6635017
9893365698676973
739956469704232317
28487228921788
627228629709
227873571422891
4724971643
5652393900126548
668053712448378079
29121357
131123
81120
258481607913035893
33980396098
5292382
97104041518991
5745940603
833972688476354
837111752894675
18874
138564544902
260077720
95988984
76397611136765
348072994077088407
877020948688
73812
940551194483147
4232775864
79792135922645754
375661398520
201309
65347
72806464405
468074907555239150
51800802
5275727853
649326
92642971
917109759744
49368288
54770389631518988
4503364
403095186085984041
61226873380039
29635316383259123
4216507
16856168177
59098181
1124661440657006
566663629273601
30350
4501483132
9802760
751456871
387694
81200
9737716967
64097045174762414
113705713666171544
45470762230
6361293212783
482752355809689
8331041980495924
2100366311907
697182
2440562207
42251005608489432
170612223258428
3204573540603
8169028883861930
2969096534517006
73074
810579807956
3126358463339
406855566495690
7805751029
9750052271309
1745099101
3118747851551898
46287
48401708039
477460
849124984953086367
458075849401182
1239444895
4910835363
523203401
9693917
52883186
598430235303714
793443040079469009
28286773910379054
655994070252
4258209
52515085096727404
99210153553
739813
286698645539
3242405713389
164339
160345136
14385714950310382
17680813
6426512639364
70686
3943220829233
217471169537491
44879747390
3153532126078880
661132745012451293
21131264514954498
78528153010
964806295049752542
693040201386575817
987457199
6129414087728618
444351883674411
2269434
4756235868837
9243781498172
11387825306154
109687306496331853
6156847920
9790862080297
365981
686942807
7696092371437
99968945
38586148012240710
51713794013111257
655887706821251028
44731651
93242084393
1058172679093263
48853477313877400
163036886186485
8202050164
98665492580084199
57990
44542876
96649767469
906046517517895
33466784467520
790311917724917
8072338709581
542791108781895992
1442547284091388
116341542773
8733677
1608740
960744
422578078
8640769844320
224339
5628095478132103
23612755950858437
71137
83515
9360411
7977676
71513753062146
920386297
838332553321977960
792357
153170142827
17218064801279
841657619091579
25174900
21042843207220712
518218383066124
6703133918267599
770936712950
990912355056781
445945695
678734
1526666122385
5715494758
725675993885630
852164043
889895929964
16946389534
337169210349432
25327
461435009139111230
70663539433406
49822597684
43162733
18703417730826069
4950216384440
859289049958432549
4057185976907
186478295754224952
341709271110395
806688542981339
552996139620687691
9191554
92860619038
36379305968903
66413497959
2856572823003066
198100834624
666392022550420218
4007931
53478376841044
39177078793
857919
7643510117
107984585
374248562697
3424868825668
101578801543119
581974531757978
40212501
31579064
14757647
4793470
13469712191806529
7616752
11127642
341149958
2139163280
112174925252
77550398603
7786506677
43560277151067366
332666466
911779506875
238678574901372
502675455
94045252
6949768
20157293
10726637465938318
249542596
928049138415641061
88618794523014
52340503
47931531
2687309571162
897870331422
5248746934
41488
406621633567517943
8260030690246
632669354727202405
6131534928721
310308371962
19456347093024
61436215
9788978554078
1388622980058
304889150455
17079
4944803453635
90321
3276840
44788050328631927
7474019935982
639468
6947480
31418
849596988490196420
7083691099417
48876
8597217744554653
836704707570949
848628847813851431
546801642
463724151
734815930473
34210247982020
48513140035352205
628848
69605431
857889070891508
19752493765463
81320483521077540
76556833625942
99552
62625423775
4363887868
641663702328034
61621112
4496725811990853
10085
629701337143995
3576328890049661
38480269778
7875634052091
806771085713
481991
17011097047
833736087
5769508743917016
9637155
803176341
5956792698208427
14547079777469
19095829915
355059247
8817890247
12137
904263
7778836
69445
32631180560145
1538096073309276
40190501
59134842933323510
6859013934
563334090
5577242
6705433
9798510275487
181666533
372324401432
30899330
93921246522836
51740813607
18103419686022
1974957009937277
99225
5582940
80060922919625
799227
50933266
81956544493157182
50487847665
96384856789784
3946119547994787
491759
32895
24130901241002495
958934684517867498
2078216347
844385
44584526500467
923551783257
3729508855338
925417
163444141090356
1853812
6467956
950405278
413089554436445
953136621
88761835177322
1905024077108
19406798889
184323671896393816
4147499171669898
6134310
3998952236
6747257187
9258324147998050
85471
3391489384
39099
42373212
961151
3240065
606990607
5595399896
96138
1021074
93505782017
152012267084
594026948285
50966195253785183
2044553
469731488222350
981340
71436
85596595
81161005188426621
1714888096566453
5485524
857198770638058
42895119
29666
32733
353911
7428402
5323616
59467
36773
5447290648456
239673680637693240
240832235
103231494637271
910476160834927
883896662600
88499378210
516253587093
847488385767
2474320
6487868050
154804157649
5544571639119
5341886167
16797958799735
788071618830
53460403055516490
60130765458628
98201
9785898
833382891190955975
52781650931964954
956613035
7754426
2194540008913
504889985583423725
537067979609023685
543312
696149
4116846869236
886442182899957960
357129242952089592
37306427
52814490108214594
54034234762802884
189515
565971012236
7619717121971105
82683588978320
418371549328
429369626
712472453875
7419399
9726556165
30085350862189084
20253054
54088183284676
5201802818682885
20375951474064
9020484554957095
484043190
94523512435226511
4097168702995964
31595
388906410
74049990936827467
9477131
391317107396666
990075091625
6913809355464
676040990967
3177417466974
3566714101668
52122209081298150
754084
441563273400849864
5829407
278211220
773076258
911023989826324
1429549737085687
755013584
4989586204868
560333550542
11092232
55387963
30258179024424459
75272451
55752318522530
45704868
16698177209
31356912958165691
2115327848503
513314007
6986729015669267
4821543847669822
271273
2073929
22472972919
28207193245
2064691880
993113719449
38147993286788
513083
497807
3039245325114
53911522609
47416
5864531
860278
6791145041
602296
17391051929446
40304135968
83665307328
1510094767328
110138
8256307062
7026147
91726304819814
8603277952962065
25022941511
268224975243955112
8010967675798469
22362881649284905
569012
8453672060
7845936346
893921652
642697886706871
7667343568426
292423368754
221821561136908245
841587777002970852
7382989699
79407562016904268
184777524834
25229091347
920108586047589895
573314964050
37126449002099265
79667753244
9554806536372998
5875926
764075468
5419593
456330359096477030
17163457855695865
2491699
73182324257849663
83439952892
801736749801754
297826462284990410
287520
3464844
9750457394
3366708970
983746519
801989573331
2777805
441184
74964
309740287
799401318378169197
329693429794378370
71626439950967169
33528293202169395
4498112554
75168101051347
1465395
96434876
31905458717
441153838872307
936994749167
63819099301368
72380
658251386379
146343886180050
1960433
5332384425
2794446934
38316
52505561
40930451190889
615813629208124
2073923400
270136851050
869646
14348517
10321
11179646337902279
1371190
363624392
4478230128734
4357612674750430
8058160
908110
3786718974
65842736489
914998141388749
208819
31173268530
89630
79896679906192863
320971839929628
940710
68575
285745458
6923364287
296616
90958007
257602
28376385
40060817810
179548506847092
80709872203380062
400897
49946
8529735434397
68184394531
82573663
5382882
63581838198
29460869513356950
7135151
3942877829
9151972940962488
657919
48607859
9972166809474107
94045434877483
14394619585444
344209512759261293
1446892033259861
92928314107
91197093364627976
5152956399734718
207774916946
14530520111
5921130615634
679019
525571891362940
99118986722132185
269174540255753
12383703268
39516590
9535263064740
1839626
6004435156170
2512135
6114733929
31535409
1944182265066
2999176
8447533965
4057209455869564
462994
95926056
59179
27247255322
137499879397
8096413554404
77816301527013852
77207856
3393091520490721
6056201999
208652384288823
76979167822012085
6063614164151467
220431665028048858
97798414
7958023739
154167
19674444
9189656
914735056992
391468
54662068703391611
967198194785018
90710708377
158085124188568939
1859199260552506
934330724476
6841931318972814
7668562285
918569098180373601
20352
8958471
5283420779280
512915392
88421342
50451
893604899567377863
94581
42663
33772888895549807
52975006863753755
21414556193843674
88934741209683
963301
57969823692
207613436857
186781472
518628713954
44473478791
3842483
78629790
63672626243061130
800596939
456303813484
8408299283352
614138057469
760240
1679226595
69580667329434
3541597710213
2170602266668
969428179675
26343706798
940344809638265804
31915376956954644
424483314
284885
67980
3176944634566427
2423523066616530
4059350195919324
460294189641
74540
115486239492431
54613
236821129950
211209360
79185215899041
574422199
80592331686859
84990153383480564
64382308
63405926547
940537
87598
4337398
447534169820336
7954652220381524
537816893
52703980849805807
7117422
31655465
87047978003
663738454836037664
25887196
670265174324
7008115
93455812562952
37602321
70746
798323230840572
83065734
40876215734367257
52231123295965
173519798
57904790099748
2588742176918467
8128985262
857277559946
36977
31510
1196517042
70141264527147465
59413399
276363409475
177398557715
3210850715
83228790836097
95150
5791145
3371696502073921
3624446
796638
52004357435870973
3778973104
4964889825
220605006202377
992785197557
541316154
98009957
64811014416630
551734
13748013322
7265876762252317
988193791404
6677479855787
1786632
48848145108
7442891312020830
477108706
85812073621
621970498993
9402308
7615820
78363316481083263
57220384844
6993428603469792
6577995772
208195749
90383606194502
39632921515410362
9753145
907741
7577701189194
732240722947301
551663908139632158
5777052130932552
506261070
171815
2221020
731935218640
2990920719267
113859301626336857
907104754
3779784498
5366287955181712
117134239110
6495476
66606431024836989
38227996773687432
808092355
23166179539
8898018
14257585337736
4853986591518471
826616651
90583037234
81407456
7039735937266929
725807942177331015
307239277423917239
23268948336
24113143653675
75770228
65664142322
212396306588220
129824474
33779
678923973720
67885090
24426
304966098982667669
19282850576
1716917686
48132303829412
72375
4785537081959
792718827105703
223712812386
644476590172389771
449765175
1309818523
935945004359588586
6602848800805
7995976416282
7238305912285416
752519
51054357865
8864638191058
286650144
827517492094607610
89429741863781393
812567177
2321818
11666603918953
666556772659816374
68574
66750803702803
50251236985818511
3135971307237
4198298890
345139330972459352
1324706044
351805082333296222
1343578995
25891684688948971
59171075
61798846086
4123740
86977
895628142806029
3699863
9590383411
377253991284
136457110516
85448
110730
6221975
8709521674119764
72248047770526
892274220017960
8312729110623
48831617697237503
458057
721808836
897546845259125320
4136115385092
93701283401
85215587
51996874
52227941119472
55143298214
6614737
61499156670
813810410117162541
7889900841754476
255899
64861899
531125860694
47304610321550319
53225275584454
79703562
978210
184290521465
16008
407552514683
835078895288
5269576
415860214898483
8660440203
3136627
4594770361
5476270082
65834760426
3698582407
5983184
108225
40360
247465808666517696
170665031914478
318239355512168
90154
36348136762788
5728484782
452302689018
75504868739649434
2855262260705
39611602950610737
580509904848
798371775374
635531
6424736029
915653165720652954
57569772269153
35770891
63977758
31990764971821
336139796432062
8211003479265
18471564
565831
769848
1352286
88291155296028
98669048
12822930681754888
2212954
32891886634938
349170906925521360
332061786
33672403390290
4380168860
67226255861
62648
718272
94222653941
795170
397832188
717569
15375333927342534
1648653
2960316094801
6292178995189
51201777455308
260494884776
90382942850469
693233944354
84216464192171781
43305
92913746036
9579822049743
727983078
931350044
53938584
409109161575
38677
73895707
338640572662633
8899852846160404
50620548640587959
860688679
581564315843305
39622247584220
891513859823260
66125758972561850
1856960291664
99939054409252864
4911470720418842
674483
50056070259255452
71605787503501932
267398
9242249
76415053736252758
109723
44417418
3328298
688340976
8386981
97322478759
90333264863
257190613716
5083739971157
57056
59966153191
786621699646588
92499711
698894
92460232685423935
5022942931
4017529
67423392976
58313532986102458
16445521112115882
2828631255161472
81786
8298376503512
1976568962006978
9174337539
21469162
9903862060165036
19241383242407
182421231475393
10058199456
3829215982102592
609138902
4021821557143
578911295690958
6327037553
246847026800
541579649093709012
6791991388746672
5214188941
6364422570777316
1422126946
17358730065759809
71334
85132908518558
185697854
780702856008
83265643
47690
8380949643369
12473710760199
82519770633256
212524274
840185439637059
4148857
5571253059444
587818226580574135
799437484
7669261630
84728261670
4891829325
357362639
6769854417920
263463
8858155
5102536494851
559972
266562357
924119148420845550
54878362460905
337671715
99678340479420287
914918284374
997056507
671265
145424197
23198
88948129564038
10134980406325
543988034013637
48147434540853378
324454084949
42430619784360907
45817340080413629
809141013
9828607957502
59413341
2293030493702054
43940501877
624031403
93634331
7255242
2168825360694960
1032867481
30663633788
50891677885
969195710705
786519
364182
401585180615429
7449851630
4436243
6184344279580798
3235377057
25274791454
43513
99196401376
526385099
293545789
7738579
9414849345008
99481
66188989861674
527633948982
589304
752615
480594572837630505
85336
29979144902070
6546408186033232
30687
92813877248868
2387584902953
98013663304
254353656604
7788780616845
810574591396309745
938423367372
54923
854337850891373
1310333072
7407003
1418315998515
2100293
389697852937
9329592537634321
66721248527261
882384
334693
50485123677
406301791050904480
132485973
81029099
58737752201940
66781
3946487
81658
851024300901534
696536271775475077
529512722672572307
46211746602
135288382
4190067187148
659652498680766
474975115755
360478240363598689
5937200
519340
245491
87033638095588371
249609142785
394703
774670161628756
7540008545972
1672129390799129
46315596406
5039642692213615
810712540908759969
1295079
96430923226772779
500464163837040
574028
27603725900
15640
166865614848511
687051089
118217826
97245176
5649303573763
723104255895307111
572735640165758
39750798589
98291610403734
12194827986
2793855380048
64422451729
295418937469240
975562606120
96913453
212091
289342
5782816480
4439639752507
79924587180643
364134174
7504496932
71438911
9458387526958489
4745787
6885309128402654
131318
882934774812
42475793577836
32260
42405
980334946140413
70643236846403537
7578863895212
5645694790210
140950751753327380
6769504
803993091326
6334126
638656334727
83045049243
8006211
3796033
420574
57234574802677439
27909
7241933931203
120639648
229840276208900
1917650883594
2921965632606610
292742114
53591575312074
6463942
4179799553045
26754424188
8526851
93090653243819
6256277613
108072393196894
243965872084412871
443675259176
782304804695
254187677557400
2453573981
65201646311650561
3272913082707013
9108531
807359067730588
22685436753803
208995736
65757372252335
53567583389373530
67140588462992
7970218
596276383769355
523142923836
31588494613
818114189395011673
1519754695
509943260392
1676033331045
71907850829822328
20126842040
2722452
9500029010
54030320484425173
57754264156117
669701031
42993972099006996
1847878260
198207322
92693981539
6241727485840
72826
2471418955101
44671256
70931466909394901
701063915097263
35724655
7056256
717119
97896
2277501006626994
29634679657509
531639851157542246
74888764070214
423321385273732
683601019555551521
196347197
464701532
411840535897384669
73613512
757972314
5907674137
26124
9963892176407905
17651111
142538326367823
389993
782025748
6310439
