3679259612
819506580949384052
6667541142908502
401294811398
946567101022
308055370082033483
98010225521
434359670436
4885818678397436
186805019
310389163712428
69008237823
36452608430
6137551048
744225950
434824
78965
919381
7957948228244982
6217799499092139
5261337
9692921
1108167316950
3670619451097047
9675342566
7707991934253
7998057023
50774268563
38604
8721079806692
42636582211340
366694609817343
876183277318
7776516684
571950236321
9261950408379591
7199317
97599607832
86435469
5219207286
6763371958208708
803721080695673950
630601
3474929578
222314596937397137
2903498526013
428837005515046850
37155530938
21348831
634162118344490
965781766653
576724796888270622
3731822
555173640708500661
17380699730403497
828323816590
5085793726837
20672653
55884917
110053039687140836
90178
9930941
103112509383926818
69449
678552996
76384019713902
89820422425
25964815730486233
395583701318
3581376593978130
300945878
9233899809
3404615659906094
54239557605582
878780650387637
2034226536076352
1617845903308733
80905028
32357608721
274681332705990802
897132554068
3467590065549
31781300908
772737683
16160
85157540224249
9617802826
8040757
3659551
7255357843
608080961
79033208630031505
5766057585194444
34798736429
301388783519
64338601308194216
97974741034
25378
94596
745057879028899191
302744
62468
831343283715589540
861707680537
4431353107
975021276
607383699390576
56633724
65260882625813
136322515319820
299707
937010093374
653920645205749
29600
8454349804771846
3109745760
920596401549725
963144864546733238
744260036296950
32326503972749477
21976814225482751
3136983283086916
493290028248
5123897
24431715
360238723364775196
97834705970400
17206983730929
688194501775011849
788147
201259930235
4620288
261931883954162162
30121
701967306233
3043225421175
73425046981897
43052
57993428524440731
8689389573533694
803043137
626036788275791866
45723
806999
714235
1552452222
301762
54593
27651
4313622106138326
29192
930617998
28166070955396562
3379028932989
43687827908
7800536835
2780391598782
54761198
44768
751791212056
9721669344
66339772639534154
5763036
326782045637
26065877903974
746594527
124706
8375116921545
19787855940
8266550806487
82873444323510369
627447504744382613
93893903083
9939077284575760
774770029
718937
16599865
70456983
4911475671830111
43983
4858699988
432029308451
7317475391
3760767875683253
2164624201120
95308135
34656403989817658
2850636188659
27067086275196640
86187521580
8113588344
152662350
4086851
655515130457
617059450243174
961415520497388
3495060235845
7560250208306993
631368040
70782167020870072
9184277232076
9749261543867232
2974209831
36848114
955884
46675953
157863227404789653
95262508274957
314638587559353
5984729981956
1120072797
31294
103913365
49579263739
6462779418427676
1974670049
415402883
3291241462
74090000732
3751561205545261
88001666698
30898
6562902
2528930625
575004
57137313
3037419
539747880486919615
10682733
99902161570417
6964347585003
53839269
58830415362215480
77298804
3249246390980
68326
500032
51056
529059212043249398
90259308
493325274658
509760593
880715
2017825542
1105672072
73484268
27607
138041893030314688
90662
525138785542
1255795868021
261272618
37248470
3026124192373
522107893
1313034470
624903266739058121
459474558866711
9310521148210
472844
34681040150
577041192
3019700688134116
924418
3162093270662178
99417793185626
57330065549948979
845142817421
5132385874022862
8934368619
889649538
2655709149747
7398642371312825
607050958844419
562987327771
78133660
101481049124230
240358
6006180225121993
2010892987926
181343
87417573240
753244801064
769653471121660465
22797580
29758384
82124715965602
59783666999
9847040546436
379622197
4670997438677577
188987694912667409
4681700493720401
475946966355321
8755855
96645493995677079
706994113143427239
130250239
40181
24680025668
35873332
14166788265
2345838762532
202264
9403219
11974
675586184
63140
3312331504215520
37778
463326
98514
9072229961
413707152636
3809058435
1309702610151771
52602645832
27298724873120660
43339807537068
4645748886
2039687979041939
955876
1113585831
54180921352437
199263
226786821517666012
732504440877405
19663451506
9092111831801
83831
3859174
3934500646
89884
53359409377421581
80273724
822109080267
17646
37076
55488705596816
964454178524
650114
7080154111
319955012340
98367
704982975518180
77263348476
764515652140
64388347
1597346888
5357403
76876
4058978083
616619107792822
24287761806
1520483284223
5936238
261095
68373663731578
929971750741406
91485081912163825
812669
78786702402
1997539812363
989922594797189
53741275983699742
1703376
4532097400
718853517244987
844991
61041181877272
25209
6435107
447062015565
716487752177
1723041573
5943439822793
6017557119
7123485144406660
78665955420932
1131256447397
1049580039
984158
133969
97226327771587253
585287376
1198223687
456693878387701359
38169033
42132333
36549043277536633
75802
4066963
92117267903
610522129223040
6743231386982425
5759604917463046
6759185799143971
370501042417
635308
46370857072
3729046735
6116294287481
876478391872979934
2567609
7268957
62551488238268859
66777077780
47008085
4438203
882817168973788950
561966544148522793
12109017
708718287
405284653
84940854
55106226569870937
88340
144629746
2106477830909
613961892945929762
151346424669899
106365589
4978606499038
64423188902236524
96797501918236114
112168801830338
22992
29808
579653515018735359
39989215
999132
431467
24032808579
80301974175908
8841251218
214796076573477
6077884085575042
338952920
53131406534010603
43370260935287
42841
81486
77551279018950
51408235665213
145083798629392415
939552
938368360408514
4636755799
9333020857
973972341651351381
65956560238692023
3397446933912851
129493756043743
39778574467774812
28192892558
5707541872996494
7652299654043
74820
584193
8703289349570211
19805280772243001
256606
6983265142479
444654272
16361141076
8633454542
274392736388864
9158772
196077272944959177
212568
555999637
511211150550148
628477509197
425980156135530
228546507
5175864331961280
301654989061823
3419851784137
75637192778706642
35621179792240
45985253774817971
20336700920983179
81163212
95297
2603494554
506328656339518
868909219570
517425
946187
48678383767
411918743
6566351158
2092057569
36684
8210724873
409800561
475943
66411489257837
76419363700174559
27826420196226925
53710626396
717457
26673366767540
406542923463395
5026984800180
598640417355185
857805
80187
2641528671979903
24910062631173547
79187208479
9481962085
2951242538931
6035948181
384043678
78893
1975175940313747
29383033404
99889270002037
8501023800
4357740970865855
9006862274711896
881623643321363647
90433609315682
756113206554
7077230200
93766182
843519
719983465
8582250
6272384130449091
13953707
5119836
41521
8482474
1050545585423982
779467264
766384910956731478
482579
42900
2395106414042
7741208825478
69436
43078991
6599085797223
8741967841638
24725890394702951
116133181366809
4221623693
47330370026948
5296319236635
473443373883
1617584763
6742580695
214470398086182214
701590185451584658
49869736
613788507
7028057104835239
66441511206463025
70362471561947
450861199300
444154469
5241286995691176
29148907262147
45739
5428943972813234
571320491
546007846898368766
85661
60208735295027012
439772461
1108784
17266853170
3811095212
111805984241725844
35475949843651165
649178741
56996362280551541
80911917
9912980527
865021171873330
129180
1536915373979
589686
12768933656
9417602787
9021447533302
1727200
1423214254213
764089713186
2865907573288123
6402019663902
706559540335
3960334464
484483479294008
48590
8373979789757822
14773
76863590657581
6992548931
491102409
88723428696
525650057468169
8301327
10890
19917363134211179
72962028915
36308
3746063382191
42415
601819360983
998358
9142561
25525875677
19821075596824497
49006125100545203
145181503377004590
65491
9615843843
937090
9051193958
302115362
342176231330
66257
52369730896805829
655516036
27329424
121730
9798793137
69685786
76632247190
59120
878527328153785807
70574058612504977
71842215
853410629218
91971813108
230055963049
8374398
784402443187
82420680494204320
51415812673341717
10856946244591258
27473
127012821489
262336944293396
50599914
3214441
974294153270
4861800418
53173302084
179352878403035797
27978165080992332
377032577326628191
84557333940
231910186055
944789819390130655
303772005
7570746541
78773701864111185
817527564107
29126081
711832230
51551166959219363
960912
550463
60724266063996224
31797543946
312369775691078701
7983148724
10079
292838516947
464243385
98829856329161887
584248563
5845343551602
114970596031
547105303350
61247394
8381470195
52528662946
6908232059
413326997
492947226369300376
64938570
1489232475
9707422028
353799406664100557
406282
636692806230
38239732296
77391304
99592812790087
37027764090090209
925741111448618
3599043747552
852744169265926585
358910
8063758950377
8995516027345
411159168
90271081285350445
215179
3877419626
735729937
904820267528
634825588209385877
138532423252369101
8500532601252250
5443051854651
166173964367388
319868063528527
706006217
121742
563829303488277
974916776986552
470911315781083
1227010
2311689054354503
765131
511598
97618444314959
38768406045
64104068410
33075015727020261
108847034
596584357217154
83589950381911
667401138
88532630037857
5564567649615
80987625
9342515410
391973507
4688137934361
68650152650000147
3245591309
724771115357793
979878
27719067338898576
523176719882
6823000357545
991678282930969
269985
7895185909907
744238917616446836
5558734393796
30326230878
5149336443119
7884120140973
6653155827610
2732207976735
207685200844
4124539006333712
50741659864
4790971
4310970066
1227479032
2678691225
88398882561370
86863500341530
9303920567
811837022560371
7246044383441699
6711745
78498803
3890997156799
47693290065486
583846721
495072170212524697
1700262537566796
280597571
89063750962656787
95779015706607
2012552325466792
13666174332
5756479181154247
3881625729
199924381357028
6385359462266
7260152
4409384458
469405
274677551468
8095167
31663714799676
657632898
315973396673923244
2857021289264
49292616
78446199
4320963924165862
954897
3965893936
25585
79766525515645658
770508245477
543034126941999526
572378547333411
67782122388021
98751576489581720
56876
8148640506
48208825839650
208514562
28400
176875750853
46153042
7338414214912146
847555557950144337
308005808468639
615957905875534
3832429939
71406122504646
49631828258871099
884864435956937802
63711166549463
69347338
146537
711757343049254
5234527993
106350780910230173
75521410230782327
240141204145186830
7695301904712315
5408095492087
412306302
4858103458
3178018
303518589252478119
388904090
50113560969021
7230987
69580
7032465199186
55758266
316743
92254
9960528034412974
79565
984874850320603235
597573519921290
293636
18668781969715
982542456930345510
75143761943912933
82923803759
847228928
816534726248615412
32551680
225642
2554326872
832775034107595
72941585
761379794880
10573073403
270933012912468
68184997018
724306
2402694128518573
541536089711096
3863989690862
2303746634262
233585834277029876
87628345
42048495
61033209131015
5491746708
559090434213029
7262505
18207
5628075
69371188189970498
83926719
989450498
7741397
401812
650943429766200222
53036509960
71166304
2952749
98130
21017744430346
635539663886937
62547956027919571
59184330672
9619405
2106277919816801
514910
71507785953554
9979907249
568319768168
4303191600276827
93807227094598
118540568522094
863465
29496187542
9176021781620977
95201647
2212728659
91529
353253954774680984
951850932224598172
4280515899403
944566009326733
70485
41620
27570931773207
94077105880
8183408
32163358821054998
1127053791
45054815756
2867757331741849
66236436597990936
3956373995
3406258
711318672573315997
585617742905
88319
9377409483547312
758564637083456
497783256297827926
8053932466776487
520732360358
623765353126
1531800
7208898995069
5539688502
473079401354386
60415
6412065523453491
364510113
84039839640
202458746725418763
1466284629563497
16946969
2951175142029578
206178654046808451
490313269
4427468
11434925394573637
44711202953479
2656383488
61341
611832940
889546715707184
33378477
74530297
832935
82864962495
14673
1342340729635207
1680178181369625
58147053
830845367655047012
40975455178895
71922
690009
1774319676
9642753
65446068
1007973086333698
322676856363
996267
31096925151796556
8453377322266
54298961
1816628251
9025927583261702
885067028387
81812901
735725899137
523167
757582341
33400493036869224
292949804289520454
878837401279572
84938
48704791167789228
24745148
3416682133
538390605123
9190282
245977914127804
516916437259197904
85988619593
51845
834037247
273202388741521340
588368160184
4253159
34925072
5824718317111612
272795052548
44107506062314747
5780635903991624
140334713743908846
78290
55790
57655030440328
270517914912532
33612366
341782
425585
560632790491221
44206283964
62673017578
266467072
404845154864954
81590135182
455132456219370
33180928
8823460061
83822211485
8494065794390
493088
47899936738208142
479923386097742862
76515988655914392
5043654350752334
307358948405379348
64924611690
65243477080
994503638653157
9884737531389182
16989651
45365256076225
958221
20422025056853464
15088754399355805
21209505410323
747575235998644
704657351
3878156735
981013415
98183335
19947414809129
9752208941460688
54387230280562309
176580270
8780906963
60874946
747140427
15933884351
864348
70144716
82814054098367
144060661050
44035067780628206
228629229645
67448861308
53684405178362
33020496730
583943531
480027164035003667
455631248466691670
15344000933544757
90644
7017896824
8121790
536922
22470938940356712
924491668348156202
82149701415550
16738812
1330031083884
18270427565949
37228715
9707375221297
3258497886506
3700657221948
4688810
830273755109
201335639168226045
7162884712717
222287841560
697728016915425
327685970182208
892976494953583464
3031978
48237775803
20277971623711119
35124397573360504
314712594914729
366899920498667
46277649343569754
52405079529466
47536511148
3379951128211100
96183158313555634
5417726130148589
873534541619
5703368632490866
3545415
2479843359787478
44761680233709
9304596694144
212143294512059
86061
76703
6858812066215798
20182278
203440
236439
964137229794
841171432126967395
51089067679
2799879692779846
19256497
653456189702
400441895175515
91772650
15725485040480
3356673655
8383651118
5508693311
76983277752
425562163864083
79307503
325286071
30330072149
8446004
40329463067508728
499566238682
69920469580
58041768909
67267468418
922977497026856346
699225
34092360
29689743
20022412057215084
89137
98965290
222073542315
55166
213109
64509053423763884
265954630066
1269611758
801860385124883561
35198473815118
1593563
2367594400
48925303177843865
4946846764650
13658
17807761829435
94824750867
50006067
32172768522923
58190791
22783
295537151
808088241138846
408982445033608992
39024264407
69134796217
632787566516791906
14303671
3992832
9461226290766328
16202
638472265
88536700154
435820359004544
49136415255578596
20300
929557305
573349752324025281
146755004544915
96290294
13504010
27078971
56577791033
89386447024686897
973455867955817
6051972
4685075492895187
5157722
2101985
74835104920243
2450691255
125622613
22967726
748245237900944881
4430130234
62135
2771184768072
9646867447
19590070
3093064
243373719036
699664244325
2898376483752
690546167
377763222518
71587291
2931153262378678
538037315044662757
1443209493466523
687447671059159
95691
73395485
9697218257421975
882962651
8113736686928770
8970537691073
165120
762706
606444564487
173226762128700
157824475774
863912
33098397702
1338098862
41371658296794
353227851
176855761547
71509461657222
690107023235955
52131112652
6219248375
14086638397294
191611153
73350393990199
1543633179329904
827696722211724980
201022
707748
326718841334614815
130991165
70641666724
2798601288
9085458581020309
71447985913229429
9496805088679
7212368695758569
409621705778
53239516
8316730120110
30988771106
59798845
886010918321
58704381845354
14749320
16716353177
69879463482805
4741671
718954937513949
405375214172291980
806334068836
1253449629521
830698897608571
33978475
7087994687
780158958564401
892648988
126314380770
1568544637443
62179577626
1852929923
92049542
75968
331243502991668846
756808538364
595736
8895754023177
541138310
912409458
1681657132055609
729610177396906
304762111470237
25127064558015
74547016891478600
1725731631998975
160096041413
5983711892809165
36416140
5252613210
508823882493
83415260260756
1718341054490
18428747817
1161138646690402
44330649754029
9243642
89724228
85967
759795430400
125919973
74034843179819
440477706
63356147723
17481454577154
40933809484072
133276702
686105939615002
34667069864877872
59075119
10161
504543311316492236
49107
25752
67817240
28487020
4308103818158
892197526383104
48659
65583937658549
302389556927571
6762754601650
4686839064
44558
54346
131470655056
9621894215704287
1021933
613481208015
4331103648082
4912569
898827921585715
8196701
65496039810
25284711488420539
3507302131296
32175
84400761754480
25615858829
26450
650503755138034
91373064934
524342
793142
467581626716013293
96922456
5401532992976
442826
54595
24493179107101
70759
60199021822417566
108769566113941949
56068
52116181327660187
31132736780379916
73548415580594278
14819278
5291098311621
59758069174013760
64326433
19558208285358
9424351
36944445007636
24077234744268464
104210567722887
38297509306
1114409426036
6946998879192
258713106740253685
77003
2912628743943540
96013694461673305
7296414
6461799412648
61612407660
36149985549118
47743884051455
3460822943
7758302606771008
7870922357156
99044633
26742799116
81705498191915945
95516870274198331
58985758
5136944
19979632242
27931449831368
5972382
547902243432134505
7298993040152
70426
61332
17931696763579888
22328454
84915137424
20899912782312471
691908912270
7059765
1307261880002542
65051869890019185
193499998957
9166971
115323800
263610475
117229845983660086
48531
229574279
401788666333427
724663492
6337711
1652666432347479
5460130671304
7056517902311
3836827498878487
248247406316171
9758159
63575135
759835
75948467944571861
87265272002970
314263745489
775596
645969039
1269126694751673
852349
933766252079726
80929602893430592
1066466419
19590416188327064
11537783
68054
68399227243741008
4592854767
795751
313401
857773814155601
681618
53543862304631
45493989104
2773949
2417518
96048056232
741822
5813683779020087
24312
38785584
353385
83573568057
57654938415715956
1736066
142516749055
787915474
892963170000534407
3795658
5702767277
97769
266451600372995
3709083876561411
8864988932523
8629125673529609
303240468665558048
921459
35255594453796
71649806531720
755708005
9356865251714678
941022784198
4886495799
6070917595
988171244344
752110594
65960419571306505
2780081469308224
46642254754796
36809147
60727864551
3869701
135381654505
867172007091788643
441719905640860463
944857713475
18883044327433
971821422
661741515
2150093623
58601963554820
273261541536625
578792393913
334983
52288997041225
51801
15301829
39342
3861914727306
243250285616
5781110620802
7314265415
2404928903
70020829827
598181264488560668
21043987273860697
354462
70995
3313050472631
911152130539634601
34551132056
33586310152
487716714
8658717
6411214132350118
5986487972
8730565
13698954002532
722283
8203454
98921000
377234523258
729997266084
795493284323
666480
92365693848561257
2674908726
11385660
936290548523740655
8241245
24030629642
1696929424
7625767896
80532469
92809635933754
860726961097878459
3383651947
303462
4346756
86025
247639
90066651163841032
6036925839302
45189324702460
557328
16127595050374594
64371536558115
9983172743145
4295101439550838
94826747851413
2920549036
41980676248913
774635018108
97193596
88872569650
79569499294
44132228294
1800226437
6173430287
5861498394212
845884567726953023
575112497272
691561151583
73596881159383456
755464620649131741
8373574339545260
9150843424282127
67319244672807395
344843890007476
80427407
863692
616614
558920217207607
2353837329
296150161862379198
5835651
83336551480683355
34714
560698578488852
4231707864061
50734
23672327575257508
78961495305588984
72012
689687
81621
473588
777372976924
581078
4938397670244614
82605059488880322
70365116
30198426
99949
248270219
99897054968317113
247497426
14288751208217732
9942728251966
32246654
6094008
2557365564
18962137798
8538301617
661711224650671
3081317319625
8231463756254752
8937627
310870
36442129681436
861640543832103160
3099086261970
1042071
770527
5372028
20025
1344468684498
782506
3016601688
9210694858
20769155
26116
62867123988
557289170
8396559914923
94816240
4097712
518126
673058542
917691249449
70348230416095
24475802089277762
42614540
6882652728
69368283271821683
93996270
950430000128554760
214378580
8385819
1436386
464240498055768
332296670989
308856274246
5094078
77604405
8676375289
93958648
9501493
9787661743408
750774
70287595098
362357616
58605809
38020160581630374
22372410397
87978988288168
881246148117789
6507679514438
73326876284
4971527039
11101975392448586
9112040030
57893025338372357
387674036469666386
410136198036429328
367737662113
4886004194639783
31639
372167
4711131901771
68211585048932
49082695716
116554
88475
70432395757
3195914
4616139139
9111416427174983
168357378061
8348127427126621
503415313
210629344
634365270
2603159748303530
981503891954899
2281910430717
98647922
8389607
507654220
2884849303
956983
366919
29774
85530803927326
2343111184
2148730570122
110391670353173
4057361
53110101422371024
727822
525507719941607247
1250494
277555
859729
83426267175477908
9416678
977890844307633044
497794423701
761319884140
622997159
8761507267439
26880416
20430054
307709553558
7360531823389
698004
2111617881051
7329370018641
62681885735396461
74018691419955241
37444948356
54949263727
22283943015
722518087064
93732904112921
34149190241
85790125726084882
451648883013
1193282165886
451890432
924842669767
560751
6673175833016
955831
82021364895977966
4354360
7212741130
6255334272
2235015
2544680845988
4065786734209173
562754671880
713754184598718683
818580985121705
8372493297627490
77361011140395005
525906
715554581
7686173668
849964943214
5719730
17181
567036304920
828890126692613447
98947376478733
41202188767455
692936688808
66391262573512
2816484303980675
6215061
1855747
8164585011
582365653770625
8470080977321
9881800202
8025222
6877291395
76068994164
80278518369590
46528705
12231343
351375766349847
294989
923817788935641
361561520
887787913930315574
221893243181
48136
8112924634421592
1133999978
39825
980697003
64383587785659286
81071
30822
40196219256181920
970210238822188
959126474792431385
59275872582793240
65088
24286
3191764772271
828300771832
142028323341
386697908
67044017401
80306994
301657797840
21475232223065
331195358851023855
297307802460137668
21122500
161154833194
93327502526
266134585
842144896108
69737
97740251501680
37918960779
37071481
127862325
87341698091333
559863718920
256256209730755
167806606329
92441172
9637159438042
494508682
4481933
5157437
1429516587429305
2889226209
533795
23481506614681
34415
66786329214
312773
67372
893953350113222847
3547496845621
64623788880
19136
18969
319002508155
702699295576547612
6230887648
70688079887870629
745901
3959494828131498
294263418
268917824680964040
598637694694312
335418376
519075
454964807115519
46756622419419902
330180380
229716401
2717294737000
1841820465653651
5764835164014
28233785471678
47665651
4660627548299442
6573697435
109820962
853122174319
55510355
8372800
374980369581822254
83013713065725482
715579
669388439470197
537483
36639363343814
229186189
9722389915
5044023418645633
237286033064202
680338093214
185137841148470650
6187775531262
48750379
6504068658
888654406349
366840857592136559
5916559971
9094782565412665
122932962
6558567670
374164699
56019027585352186
35598002745014
231106287
4748250995
25520
928558213710
8311894048
58151422310
1569064497081
43489504551934641
62171
871941771268
741113167541259
1022969030588636
87091410212603654
886586762
441726
690592623
192116673
1653199399975
51054617
446017
719179982541
752313627392
62078176351
5312385797
6690238338155
40258945102356
60056035757959
3472698330660128
19021
86905
19093743
4239978266865
33515574731240149
67267712110947641
1442030555742
25185656384
4006474
18969734
714534246828659540
240367626
77616
4196866549
662678
6389819967682
2750108788992644
672613566204744302
15630952
542304969392574
693123891926
905287480097
153155975025927278
892634134209331
57830401063171
10207762396168
2258153785589
65766650269
4831081768
653029566662001122
105756003734685
174865285299
96707890948829455
4786529948
2055830165
55279868044898
1188272700437
1426556178928
279473831
27615069377
5323557049417
746303474142319235
93299331
9259089
510922114
46789437604652411
2855034238725
85187
472401827
27336529120967
542625889545484
7405766
5687384353796239
250410901525673756
838259750918529
15953887
836716598181473753
89465134253
65017495610
58027623325
10527
55394626073193019
81149362441871697
49619283857
58818324067771
870702893778292
973906516658872
26052
245409318165
39935531310
939424566468
935967817445
86293955788
9648431661612712
61704
5167808341577
51138
206668108080095286
1726147268016764
264440653466813
35686463341929
66445
6344489
279129782
96071045
54923628426998
5786921494644573
956819982031
4816651551149755
9011010748404
757776969085
34921238684
978528622976
3743415589633308
832706258668
51581416857575783
5234462
55084201685561
724407901865117695
927445004233198667
23224071
258130
533597199
858812729583693
8646046900334
1106166
895227236
4304315194663
8726383514958925
1353900506722241
534240509277
411310132790135760
9973640058
323336778885
72198625
6935908187606472
6756828
7043469127
7170440405
7965149230358
141868067
172073382208126523
5067596464523
301011
72071402748581500
7164057974
7422938
82484032
397726529952210333
98144032134438
68870633015
719324
9140911892213
340310
87479017374
261739679119101324
749200901721481
829100755122645
27465862968126
8390501191
14161
403814468338992427
12924
4874799195843
637505185
3429421
5403019195184
524120522
665974
3459059
890619770140706
194008888777672865
6117992
205222754653204
1753742174534
38629
843435464955715777
23389132919471
660919666
93009020016959
1469435919836
643865012
8169475452476943
9227393
937448905920581490
92902101
42296098190634
582599944015725904
51607117
69739056955967
3342753276
56495660856858626
6320914
618042834797495153
166385953673136
135793687563605
706263753279
573710420721
2358077254695317
78483940815
94723
30792227
3484399017287090
5746467748594517
7214936074566893
44660
98192562169365
127385044447
44009029
53943793852354114
505515762
5547778823
516732
5908748067968
765240275152
46676659745574261
7527616289383
47063531329945
246448244770669
622500
47584942766
36152597
1417742
2334125754
228661150528105
7777989939
280399538
1455368329080653
357215650416740833
9556197311
87840
301623521497596
1070117590309096
841317305066448
228846743
58906870
81147352382016
3515121
499423376702
760088291863695680
195327
71520
4769578439753314
43129397507042
91452890750915
931895
2053112
7689174
5715434679
386217728
2042370836
32984743170497
8316776848622
89957795
49820547512670
804036
5043035712723
390789697277369252
5065392
154852077
4716738524619416
397449355503529628
51286500107360
173931042163688575
56007905
775294912
54307704114
642226917
754169664897442915
769805845
60655838737
9875357
9027630
401858555636
5183796
934784632715758497
2154700411044
27805
141808821935369724
638495103612
953592
1651569042120
791283
29319078
268999052769142
547243
77062337
12520960
1469709844297
2966721301270189
39342854083239
355361476
724953686
243521213679246104
98704520349274
1398091049831578
2571542513
43464523612
295997
20986121587624
8608403174
5889041030714546
48678067204756822
690913
66552705775
440728152
95214955430
2284434231602
654809416620645
4779855152
237037
33363
94956039132
1547100687367
49674663075086701
31294
4103268415668
4889256357
11715516642948
5269338736241
694293614546570
3714722406
58313365549
60814339
56330231624975
932034071842867
51143175
56580
4326361
6698585996735
618517
88359158037348793
4110410551610339
35330
1493196311481
6058034637838
260573
712427
11185940955
67342104458
671633
900898869825
3289069797302
730209649698382
488035183308
66492296
619936
67229108346
298949029666
4645580384601
6604723
16734
71626
955851737518461834
10932666
5878791561711
185332526
347486
6103916932
646165804188114221
74303598310
1056650943037357
8368232
88499690443748493
96367160925216731
47069061
24952689520808
659203638514779
9647106433973
539076026354941
869022
5733855617530
183635420083455044
3447220348900
463188522758981594
2725958256652
1551365324
19415223
1929223548536
79726917872717
29746020679578004
793464804013773837
7580286
280731125
104170
1935243068
5761621842314
8433184781873
47605
76651012148996
70121922882006
96777422759781864
787893025643
60355487920
56558623
932440269311016
539113206394515445
38988841959
259288
32301282307854
540222334904
16448
9560636491085934
162202286124163774
289419671955372404
620097233458716
8970671333407
63740373956517688
9963229
262531378312
381588
62638954864485851
23816
43538189644
74966921245282598
169685293885
131423309
22941663710594224
75789651
6666823985
22052
48768990179
65116508
316322
1774853183359
715543805174
7436824247
7088806
78348408764260767
780822659073253966
2441991514
4141534290379220
1417998
381798
900373912853938002
47026560051
296981625486906959
545397694959397
4511930
473900215912
2264716920443543
7438881
6521000381
1618588098
926305
84142337
20893642
29094563905785103
966574911767494943
93978092978984
30804
369563078773055049
134231707486
89756853432
449498564
53138269
44662
4340297571603
190611677
8225739645
750383413238993
5418993067739
66934777
80345252
7515395
745511
49979436
14859929287755481
59269412
220675
3031647862
992670
252783584180
38896350
9088548284
30455999
944848695661
16130450961042
452273430
7764940470774
8195138417
7452421315971
152924509972847155
4346973
16243961348362984
1596195613987
6204261402
58366603057
964358362604397710
1546957738390
29867321332379
25423707586979
483998311021271
7950588516
636027579
926327485
959225
6504017627419708
680211821596501342
140976970465
17460889991995
871523114712536
771759586019834
2758668078616
5247803128527001
90480
68387024833
898275975344702594
44616216675695
79539200
88339022
22864815239
6170630
933283
615373
9642505699626291
7169428652431
76273
84439
9585418143791
7440800414098164
69768172104
89295
978943590002321
856440370347976131
458281
6431596
184247537
4813041147873561
8385118099969
69735797423035313
49870264
8542924
1273490833
373696727
55488055
88003496315034
49496867
85124300849
57311
36100770635690138
457464512983740
3562974670571180
2590792128401958
257104708019219998
81304129747843016
78076
74220788615364
3186669618
30324918131023
653086
56010
2683033
10382350
50225163
784169428472
752107
72024
1209722
345096287625858845
7081905
569103815699903
959482
28524612655784
65879643848131
128304399396345309
364876
55715214046867
4215830360739
1443657712337
2481098239
48388494435663656
545888064503076806
547410814
681619
45100977523725662
7735495428695745
99288427122132
175693809236
409052382234494
2396285963
600084484
8695099
6119646727
749973
450329538
1883981141
2637119847120
6648000986604
161278970156904329
7556588641074806
86909012214593
5877416
42598686479
7508363
58384536523814
53152
6387444
74558343974
9507504970786462
17345003
11635797014
88080098784442
53616
14316598
615783522951008
30211
71164041551002
369823893023832934
584851
546501749287
37804392022
744876971
53940009430530059
37316577631774614
981471201202264474
198654398643
88889364761
319604
4014134
38139
230200622
294966801493
363498915
710078763950158
71449236263936538
26404672870614981
296193627010759194
93993043939619
4074447
83889939395
6760062
88370
77482
952583993026119
2708253081792
319579876511
55462865096206
605399409
85195621
849311727341563
85671669073070
895261282787882
49330108
8484426231315257
391405963065622
674450978765084676
361655238229025
18241654
27305911615257148
5895155897064032
289728717504762243
75495810
224937362978242
72714010255903000
8662786
141409725458477
6307146417228
47055255158
77196
928404060
39877294237
782791123972533
41826013064240
5969300
5360382752105593
890342107263
73601464
781581
663609800362
9526005
111308
6544680439
3079405258663040
15070
11191996624441192
9708262015
1999481
34045104800
3581310
5941126628
965823682829
443627707615
39046332571586186
163946589362
853441304921808193
4599033
896902369769979
537096
4831286085
37081765095396371
920554992
53576
180378786991545294
840774
500685
74048324491091236
59783
10115243133012
551347450
3953183297
60057679
26452958412
1995597994887
6896772815
53396736
208611604
683879496
67507805509
87672
117367743380526
39257257585537
702093617076
21471013
61830459467637478
117558159610428
829510
64234799
39981590
268247612646
54186872
6989035
703285728344970
6011600151868
856965124212641
183647
62116190219
483917
7061980750886106
8902012503
95869606
806409452730250
891720
506747942609
172734502533334436
23485607924342398
3720549404
82438539310318236
515206075392667912
850251213
58547258051
93595
1980819006
8985482901
73966704538417263
903568
406678688379606
69569907927
90213
6279192807
7275394562374224
57642008571
5990925428263
27928126353248
515581966802458
8259407162338
81659653398232
966112883793041651
83105690297
6740425503822
2468518689
498751631
74723343360253
747286025257901435
9333947748828
84725
350884464462
42492541
321936007378
1628398874760519
539222509281
156560375
64787977344587831
104738850320
986735665998
4145213856832
45394
696948746227
936803924970263152
395905631
900655920
7212816119
9210669
2253227
75042465
265658
6851946792995
496161099896164
3588065768
3279353839
758532740
24873480211108
118654
70896999114161
90662581342269934
946348133
46759006782
39750940284702
9342442138494
14259
3440143863507
99924291
466775977388699
140835729
602643156
9832506602
46443844407
98169070069394
521638223729657599
224426575644
13708280213369307
70253185141181926
516251
76393880619492
176982847
122349130953230774
5020444651
30015253640454
51217196057247
5528729770761912
8072466370
4292184606591
90439154502926
810689382424
92351
130766419315201485
6839583
7605658
849114574909466745
17227182056943
6465953089128
8124773864719123
738336
37908223
4926057231528285
233467105556730973
99170
159449403460659
184987251925067769
14937117975
782031200718
84729576
45930507616243
14686963884
2365015021304032
75383576344833239
433624938
239000774562805692
30284395026030
26882393
866017241097789
211963410436063
9213164477
1114595
489436329829188540
534923
18137345549552
326968104817
485742035
9569487202
130744261
479764023956
4357916987171915
6183353445083012
22655676555676825
383331982114
687723908701
58565754
8341874620768
8233213160599
72483174006416
764047856679447569
65775101079969351
305347049733
9745764208
568828449474317249
43293878639318273
72273
3089005080022
764918
52732805216
88184802
393513848913136
54782846
5879600191
23480115
656508676
576714109411
77566714187
27957
55102252490
17954733776
162519101714479786
8270877141565
9297139625
32055263773760616
1622014039595
17651698131519
126669601
6821816655
20229880699
1042379251895595
9223195144444466
43679223057964
989000147060333281
847013663815
441212899
22545465
555089396
7306934
900914
50950
30655
997590
901118859943096
48355
484121380
3995678232
3409243207673
3466796625
980546679149714786
287689130948552
3902786
43353503929
312222703583
3299660559
41958431165
4260016
958226456
3240073075935
64581515845
53867084809121
9880369
131777783
70475625
757833
47424000442805
853192
447137539037165
68872360705811
227416906200263028
53083287943135750
8320427
3426119330885196
408637603526541417
571272504561924135
13092
733140172357945925
3945100755
32287
985346765408179132
643212
8756364869543
79652280959959
124426358593144
127841292
46981776721
257061427674
105490588036547489
43952635803469
2441400622
938217
54260
31187
8616891
69055
8681045508753
505299972916
42602459978
9957486379141356
532536
435874
4892597057
5308921471177
486533
7820121302219670
3929823607538
28474102917327652
52783855212
15288823748
27391
374845458668410
646640
1871012041905048
234445
77475033164
307021064588927583
7486555856950434
479434565775634
1983494760678
2417484964092
35740274048
637035223
6685505477
1137994493782364
900435
633156733784
4759075944966
682363555
497452991413
10105261080171
45668807920895652
1467428
92946868060
4435492732
706383560896753606
404644835356
2714732234
860427930657
238485205608853804
5202700313375
44949203259820438
26162
48002534526983201
57582308903997745
3929549658
86876307
82306
166013399655472
6132682
7009702933396167
78270143811998
4641315260
82786588916734646
4529869
9816112827
84316360372893
931016477363
949196529514681163
319477559101
9940421814
20194036044359
7214665902900
64517430506623037
767661688138
9051028
9694242
26058190049027
506515730016209
62101225
19490112506
868809874787
8909376
578632494770117577
6262814171413848
621392158536592
956478
2283628034
610549607124795115
761627090694506413
855484645
3982718
989588754116424790
7547599802
372777897
579436
39114147163
8052043134
247605290
236846096033141
258171
660889100
175364803201808888
549833351485067
11143
438719554
8877674202008
568738967848
385460279278927
246472085044
7143651174715
96094
84232178
6395129869442794
6759806577
78884589297879
15448731307
37223367859808
36020024958
4794410308425
1165348
93111
102078105594
60907909585847335
653446781223
889025414
526504414104
29489966
2098275244406
12564
324160186295
39683
9875831301
6992319131
99640285400660565
984078659430069
314615767375371217
6835453601096826
890773732964
790867397
33798
66094
80010
895015826544035376
347056206750
26005733230
524164581138320
64508436218
65565098266487944
1703451670
512772116559656
665814
416449498
319086
296135
582726003088000056
80705
41092397684755
850081675831
18644008183511450
43300
41078
9703689296641572
254549835463603358
8383029
125389
26268411710738
318771239106
61716669317
92887950431
19007173579655
885088881747884
843009
45229640325582669
8355490227813638
7146969417770920
8601915309351
9909259627736
2686385
80686
61192397149
64859399646
29638552437484
612187993
862237855
15137424
683187877636434457
11207311400550
44455412366402164
278629056356
22924746576396715
7710993
38355301385
220684
59311554473854
79744400
46787852
97390038272758505
363660169903
456095
852584029949399
88640059636126403
42618480947
383487
725029781
20193
60336692095656
2754505777
4241228261
6149491
6844285605318826
1755968701
4771811451046981
637995505371597258
314392
171234
266653372309948486
70957967
535028
758292695743012868
290011269949691
68279531463393936
1655832124
16165649
76530273
5388259442560200
37137075
5960613419
5741897793
18120804
1970714
883146665
461281
26268461
423040089729123585
75307225080315960
184554121926574236
879730113296292
773559646736589044
278901002580570074
19317841865041
36918
5157891328
15654742279175900
78874215
71133790384
14664
7467164
8010547395394
4861628957630
437493612951
5091256642
58064756
6957249137018
2851679
19240191
910672903381
8369283641
461557487
999022249461264
364441082
8478652482
47031066853
4450548
812484483
9895684052
82335
1030129872933
14351087852
8117306
45994967
514846
61515579063
707649327025
473971376976
76531879530
162240671046
4125255753474421
53578452337
577790038267
6182703193
1353092552189441
407666943543149008
5969219480
40468698191035815
427812108
8273496033698
42950131
207755659047
900998332133669
43873434792926993
97927207670960
285763315
736315144128513347
1444134
124128297464
1428178904686
28962
1029066760
60971594792505558
38717575927445192
7158853965
9188168362222257
2343703196
877797582
4311551
14191986
7262865541
41694865
453995300200290491
9623018
11892351
452141818850169704
39796012148401
455209144549
3129863
234721454
89117945992310601
6444825845896724
639685081661325
3737282502289
132710906131
959327733110
32873228
16247
432864
52837145
142914
578716337190256460
49844083613088
871461081498424
39175
3980885156070
778101305492
74165301872589603
785747517428129360
141183332942928271
62194967
951065
194605382598
1280325
7524942
83873218670809423
365176
697060823243207551
4988237
51198083448106555
91893141104817498
39775
6994535793207458
6346605628511
4526097085
15298505
8191714787398
504530
299960898692
23937261
9484576519600
4467097950079448
97988138
41507823767686
247590625938
51413232713950680
552937872403765585
841368276385055
18457100561
444796770148636230
3017920208
7898505694
33643209531616
207649991521792902
44419417
976668
660676352
56759892999
59559
643786
760449
43024891
630110
1545940207
928209934661272419
73448468693
25375246845
1508774497
82754309484009
917633678
20161205336
55543
4247537227681
946120073
769622
79620920086422
596072442166361
12820340670724063
2156859
4741454204753429
90703917856900
4883033351825853
38188
428084428
9371444276
3910479112136111
324546083697
890250037951
5112050894
986693518949
798634795963921643
471905354923
1048010401536
8328812157
82365
8638287
7303980488591
58129343960274888
7618898435836
4639675001211474
408341176419358
91002770
5644792763507
866112
3535369668222456
17228
7859687940
3196419154536527
53462
7149983570424
29325766971
83646379
92095525930
746049727
72008302970
78341602618
74626120
5575439669166053
188133248595
3977711206553367
89330587571
351894111611102150
89360826895604
62714491972389
8053688865758957
34444
866373
327608638
86276596
56286886228
6116927338475
42989787912384095
86942496602725
2633115
670185
6259364898942267
400162748422
886645396147109879
24633348
3531977
8247840
372573483567
51274056304358225
5831622498185
24356890419094
95202756569
73420281553250030
92139021912167
42274157020699
6492635816
34641025438568347
12550156
608845419
909409350
465157309
355414339
2594156285630
611490
7364190
9250690787
304262507593
69174844
33811620550
1933779
230205287521
103530645436
764581176180996
920509225138671
299550184623077
2073394650154
899329164638
93886
565008
483749050168320
99855666569807
4954177
2623057563171575
941307423573167
42027705673
139539409098
33468675961348899
8506923979084
7593819
89163
42855956441
86991312
167477
5856256657
6770076376362
26519415846352045
32976565025393546
26676230
297332
5667143
478441881254
68983566
7647326374
91967496577316491
54900207603
89032967861
375385292
6464548573563766
246270306
932660238747058488
24513223517625718
851586464021780
904188
529045809550
8075743540768479
58963062
92126303882
947953653961243708
784659455005460
458472
81032212
35701392636
2189648761427
83331986600
99338880731
14122289334741166
43853
2851595913
99012386735
797571
316561554822
59614
1821914395368948
55657595
35075108
7758134
57160
94321796
707664629817028
786530845950
1250964201731
660744640179912751
67328
110309566142276
460892346282
8747579818776
2562174456
6894730
650951667
531475492113025863
290162
8236852266055719
82556028353
5346025712
844413896
2394946651
4818939688858
66181669
897349347716584
1474470
50397251
282899
53529183
804097957844235079
576241708639963760
91279502127644101
35060052
1045005
76971114
8554935383255
991450631764
460867214600073859
29349921
79158890058063
81184
209351983
583484418
9439071
118164329185531
37271806207945
4123330305685795
2925546684064114
99981304
698713009
22715186926
484340159317588253
599008213059190
207852804356
76763505769397169
2869390359602434
198496538198
7136393229865
57631528121373153
8901500497
843468
166653
80493183841
792845512311059218
70878277378585528
392302020737
37709
5497785216
685724967461
971262949900
75341
24703613144674
473543300953886
68215081065784
4038838058
71519165
5814461086
16608973414519
9531240818
57616302405450633
460550376
80174591
9767011867
3377515718
2897141
62936977691102379
8510799290857
4696622467794
707519732
2996134269446331
8395238
8093841747388956
30157477552128
370857902440802
8383164585
3988213210752
939266636
4461007757561511
71765848447
89715
595656
873639757
48821849870506620
86381
33953651
74161594364
4693271993715628
1222398
306613772
5860091532791143
5559021807587587
8889746
14452
316775865546527
2587100
692912282886
34451283
16253521
5561546
54155904037
9156012522525565
37871417646879408
546232275215
918210573913590
828801
57105312
577706381
7403083949
33008639759477269
3898005821
91335995
63923717395
320487072094264504
86026702824523885
10317284570217739
4289468
509324
5451743786
83600105575430
112281099317
721518786317
3121739740299
5743909
25078753087628303
71868869103
399284751216
87532171427626
68202416060218133
26924959935104
819518936385301
12626230404
178141
69697177
419057364460403
146573
22811444260213
61164
306204988053
44577094482250401
837873154
9291983937515
1463948753
266675082
33355391
218959560
1735669279002360
89768647545476
717490839621898
76714129744593
8599706
35950378665
211077675419576035
23444625
6951005170870811
74407220753
41822
5005045844861
13869283385040176
9274535273358541
7149221989379
8301660176
587493
639841172363097632
698234356293500
58050481
233799047960
50087095717452239
25141467351417
78353
630343675
26961860
62659461538564
431371547
834724487831
26068327745
4748455609135
907635034995069
32916969397844
462215860676
7648917
428573531003014871
638686
55140667
71573657007
3971001591408451
35676069835050
804523848808517225
86666793798415
73132791
780883118
79541618906230689
2698858175031930
30174480840030897
8977567116562
703270709974565162
2301275
90963223
7657112051766
56985495
33800
9355148115
771624745
21907672888625
4577658176379
5457869
14409389586940055
6445893323147
3729434
7541876
6613611633
247577690151
123128504372
442382564
497091730
432585259001842100
603965199
71182147559
8671228
80327699463192029
900060202
48257349824444
27011757572
665934160775
6548837
8060530535789662
1909074570396822
2797508829419
35613675925
984892
698289357
334750272814483311
285857552
42352832586045
3248179
543184346990261699
442250442
779460720269366
5109469497640
86728434627145194
