43525732
68901972406
561147608
79013890
442409680201051
917738
7453769934
80182
104265536257492251
65805
518361360090
40806812992
495804191037609
838278122
94914529
1521486683
82027714032318
414551552
77038
26494454948476970
1535422
92046736458
7076247
2243348274
2908843
555106518
6328184782626
5320928051785
470926131379
64714458826276
707424
2814962358266
912949242864386852
2156729
15924423213686436
452763
31607
548081
75540974139834806
30439
4645398728781449
8711706239
14029
27755026
1753801166605992
115432652
1527234092099
52058917930672
798272096713
204384
3487763976224
6774824653134
327267360313108
7518780
329728788
935301314
148563579421837782
506004986425524967
78387
9232389
64059
59660033990147
79103
28135
723166898
91213154342
67574805
1388224449358
825963
741974465710663384
74821
127952478609011671
854709521501
54280
250099
844063439339295643
899489
92962949245649
40589884281099
8863679840937876
33346355429
814124
66262508
809955988408
6290747368
7060074899433
7221128086
9723313
7443603603
96611486
619795839344179
3128547575133
617659740286636
4130568294951556
85321248303175
77596434460872
63955
16081116637835993
4046101
116492813977
347728
739825
157949
8806454751276041
147369
5668038
47441754
6814765
671157956724981641
2643823354649
5280760704317581
28158292127311
754941
6383129670441668
60679410
31102957670
44989
3606301416656016
71845
2598401631349
66921
68551547417
829988
12146951276980226
54574781
734641
218389457232965
45599
1502562344
890666888213320
1602086473671899
369134148134219230
760753055608126785
6565431118
5847054442532927
37508247578524
22974
5913953396316
301133944870
79772184726447
3809843665472
63966373
370470
6192802965906
374499
92600
9308665422703
1902508
6439698
198552053
9200838574
6856645294458296
6283819
9127399
843035169225880
655087
3219885761979193
43601127832429917
359049773909
7517249461682
36158
41349
8483749
120623811864276974
80475838927091959
1307447023058916
7011770455476463
2637710563
910653267
338158282960
367382574801611
146203
70320490
40516833223933798
776949166739
343587875
428754281722086
455682899
617871
72850
88665506186
9482846261
26973560801118750
1231089430
1478012921893870
324093016902878
4564005860739
67181319
61824385226091
331153707002123
378492
833372491
18759771904398169
495625
60938025206228
5794008694085351
3948315
6858723
856231049234
20555964206910831
5266158303761430
41805216
351977
54051319
48955226919
703986363430756687
57922818226446857
952982
437315093967463146
58901262402911
199876361241687
782681130508458523
71621571
652139970145435347
1070003515
476160
640269606255
29919
9415107177729047
6779340
5402884
70882135351619545
557594755249826
2168502732
873031419447963992
97533652576
2831584955003298
79048041096
5602035841849
4283397835579094
49807530836168
25610683
298512296033633958
5284998436098614
481110339232
34513923316695437
469724790599486
724284911
33453
879250607656
300331668303632
8128685
138514
675449117878859285
7091246610580
71182062838
6406187
627755146432
76924370818
86054
1176256745
597780037604935
48633101560
24641853668669
1235669773298551
350289552
33083967871857
150937
22066
514033748054974206
2516804116918630
7604364250283278
933508
52945396772
439393
156006247
480631
71746
856738555927
7013426
804058
7479572096787
565271
4301507
9533684136
5442484390822
847037351579780719
90662075124471
86240913
244233916008475988
63695652
160942270904643406
25155616
54570900
868091002122619330
3332482524
18424787635753563
904872336389
11668623855766654
7709754035347556
7847398626
627092
7118321447893619
79643982835
9040118754523744
371660
57412922145191767
68906328
6009861
94466100611
255610099412990
399135730
121782960
497546
1913920348372975
8034544841
1289342
6203920
85367641532395
8533439200567
35963248662923120
262139891
7427574274988
47071590902834045
5920963
23024314907
63842132012504
5668897650
96370
3508631486061601
1396985
454937
6568668155
881767385225221
998604727051562149
86296619953847
89043815628375796
9023274693
225136247474645557
34262512
77511253925
73406097390
7494457355181
86553472996444
447248109181000235
48467542603758463
9979451382017968
6468116
4073725
6191922
3423658110218503
814877790338
81518
285461926886917
883001357103836
38001312456
80403869
6201708
974828
241649650137831
444993671
233288868210
204937785007189973
1262336661155
462296274773
37718227690
5598365097
309809493074467559
686658296548906879
190529
4432231015200
75241978
833956625
20196
41598694
9616964356120
32015435
80876954
893146
57504
3813170637
421188047934607
5802616450455053
262678191663666
107899669731317883
74692509996735
8797851582689
234289
5064842689417
19561
836789774775420
88098570121
918385
70926509809526103
8542180
97755
248385895843382707
796285665232406506
369893039
16762
25738424
697327623230333
985882521924
140195544767
419563920153
7593391
710876
25689
508338460
78716663
9992651
20937
23650
7540225866371736
376489530160564930
6414728080
30134814
7988917397250
147225174707904
508961423
7313232060
12648549422
61701308
991758519084808020
204098
138248498471964
607027491366509
6163047873967849
382201
751071285891
754859259930713198
762858072974835
58220672503819630
55035
307701958541
72387
9916531
2569150644004
4248703433018434
352529
927855553900908
841914626505365
308945202458912530
66406049473853
557495644676563
1898979230059767
8100717
969341028004
48145233355237
688829281226507912
2099989282905170
9386113077382
5532213538941720
8867571400850378
3953538589959
579216395711010420
9124887382684932
911592
840436856799364662
4151294
78598
133788679745369235
167675520
763455240432028
26961
5841933612
387522050403027546
95475144097
3791107366585
66934443957143580
39244547962454317
29060724296255762
5379530941248
85498255433
397900640737665
455963382090090
6786396
6510203417
57924228
35076406193869706
40364765003
32762610567263283
102066779439
70030784284606336
11935826623784
44551
729060
8798120973
16014
50479264150132
56152626346205889
256677509627685
24171525323451
5638659
370215306
727387401
5058040898
8161869935136375
905355489309384
32496054565305769
746168837216993
8171219
7109369582
25873151557559
24013266711
417762
233085225368703
618497
638961210171002996
4046785080
2528474468287
19725458330
110709568110368
70635829169
697733003
614843324832301898
845100095589
693649967813367
53606124484
279594
24480829
158011281224
51543778787961862
80218823
71592940213956226
508162
952428148208803
61956048667541766
66923275955389
2880671996141023
7246025
995313502403
4312117
96125026620702379
351334517
3812491
928009640027
476619603657261
2693245
287876412454
38146128512275714
31471
759906
273151
4899440552
5708062858033719
60725
895120186452190388
6491260041927936
55183523506897612
5892589994398601
52963399177
711834486565122
48633
729646056
754982080148667
733749138805088
51327780450044789
987416
6646058937983404
31371201
1183293783449984
5688816
8732354329
807450015332
69974144
99891495789813
363627079004631628
2743952447823087
6780436361
183875576539
20795
6467724102739
914164191261495
333569667861
2148752942376
93238864
42104
71501198483969
18762976516
60026552962267944
9467385582214222
20395746239256
92298571
8594672588800
56743706
75020107740
559803857241358131
4672863
4831641
93947200345412
5366337138023473
898184760676530445
304757
50654291685170831
81943
424559775567
880795
7652389164
4037508887046295
743877
612378779509818493
943593172
82638960617
361672482363337206
20663267150747
30367426469144136
842055
3898550364812
89461117654299
231035390023
389950
715313136568277
533855759696
113759
268036
91004
85521721727
48180126307715
603078839854097
33647098995255
