83797627790
2502680
9196316189423
4842264843006
74363
51570
68927280041328
22255749670
51349206273674
353792868736430
302587873864
33032857265
5509404
343283809550
40765412302
297327
502101582595024
5459844695230856
83274101
4240835900763
2678036733023
157490705
2733494
806509319098131
909204442036999
745093772853349758
33954317
15408341740479683
7519311472741620
1907478818
1074433888
54880898680
8792894
5418240390488717
76869
452016052584
80004652
210252247861
9479234487422
202342982652616
802985770024150060
565263471530843545
964549088699
96904529225817
6641384317414398
203372237
283715
26067588
589984
277904571345585
3491457280
159147
2841087352
8895141
282818051003091
5690734412
2429292380
67575
438245096895
70509187731775142
717733762
279665
3091806627
3082263
61382381760
4687172852662618
9613905456067397
807643736953
2589243345
911160331064405851
10293308145
254531706020692
733588583967
183929109315253
1672136
59311958596216621
224404021
5624401369
648029425326943
83745324431
50939054010435
316491591716746654
216627247465766201
2575881852009137
58029527359863766
5654184984324
880686475242905
487385070118601
532747328
2037109
85765121043518845
7482052460113044
60082
20747
6387011
643753886630073524
555514314
8910286
95165
240291052
11565712240
518904468521
96881
9230832718
71879881195258340
139783
463390962
54895
602429
37131009
107720924006246
193118431008
7208704861
193952449
89078872
20192435040328472
7137132042
419897185
264818832791244336
2066699359968067
53919996514
4248505292193
7215600166358129
6760120008343
354140
6092602837
4482458500551172
9718024124548328
37930993649595833
732320221372331072
498558641421674
203493100028
231280742812572
48812319007
9904380
737439293
65448382911970253
838490517447
1235577178574
4936397229754
853503713
454893128496522802
512201659536
787442040268
736692396284234863
743700121586
5372920
304812
95197981429164
14065660
2612320
29221
9040840
42999547006469360
29601916784413044
7065846702348384
76149814529
8559444773810
16673
389569
557736316798469167
61071922349
900599815558104
42784621948282993
7550482729873746
174462952845119
71815459814282003
153600071
896796701519034
48938
93433025
93164324732384356
59512
530478990
771451
8910039516
3883563478862
35868
96338943939
652165888
303995386514826
689546310804223
94220227883644172
375561120620875611
61702336
27042939
92531635
139573451440181
28522432851117349
36618131264580469
47208884778
7183181
1189222
84432407093621784
6216131003
805827
7167764317
482963672312
327512232576414679
32565573895501
63668798
29288986
3521010383
82289352400
880110975
76387606460590796
406447531777
579119009487
6102845015
56103650647
7276040576305798
13391531024055185
74859560831958452
192570371603195943
77865585845637
54699128344
19181965
223640072069244
329819708583018
114078
74122764624
51449631236
414119950442
85482699
752640
27755643
33302
8046747563
8789265925339
54411974196
424525
6355793599
70959327671516
5881031
890196
2463572111591
7190662
9147291149423332
35702
73513418703579
894236171
67171
6522895884743
4200008378219913
79348854172451815
4298756440
9125178439723107
97722924
403996467
198086939879
5415251
4865689953355780
59132469057478
9383727482377497
9697792
650704
545291554
78851949626095625
9718505074
94524710467
48483
38146
214031101140
62205665675451
782902723150
73663747404
89095322585633
8438050499502
680573116207122722
651089890
4987398
7052840
8879627
482360063269565962
310462816369
712317441957199649
352122
40950
284351358919593
910049985573639
552551037157
124565014
55882914
72665232
961381312409
211804410
336313
6233784678152
4433970
7375164174
688473
816979
21578707
6126502325287240
3814840739
398616386933043284
67940146450
6329612
53982691568482
14506557364038
64957180171713164
44067009291
841082286072318530
771846083662724
327827200092691884
125961573025321
4337728
8078970865023
89674996863
7920450926346151
70650632994162858
837896438462
5456214314980419
98735
9587709
580851727924
471560145024
74247538962
68640884907
1306869
8209266
4549428399038568
280721098
68736097261
97920322720472
4758888088175873
33385583132361584
88211216498
682628150363
8955092419912727
89858388
847322969465
14366831220107114
222966378399
5268790448832
9867953280030139
8477947
51264777329899535
74482964710651
49757005
635390768
49622
571407647
30103981492264
26562242
505636710731931
7140700537877701
877371987632690
219801156643
63742214
323641316652903
493555742
67334714994784
802696430533461
27636946703035
994195774005
24226797099276
9245814760
5266172034884200
48590200336
5090279770
14463183398
110783876882
9779290091196
5174247117
6441834772839
8803793467
2698058616
312355110
9316214510189730
6809143095797
414926769621
48363893496
3445021392013248
99339773316669
6780409
467428838106
13957292583395
18621904707
3927298
3284102626371466
684811
555135
2242720621364640
137780043604
979846683
68265341222450
16142670179
435387108546025317
48435640
810947549570689063
467117677002
852161872556468246
2532014683557014
5436406477385
347869712
7086024687722
33422
1361795480191348
866512235
91817816
75529771385
105383542277
7292542
683771318799
553221214977490
641657313604764
63654897363
68845507794848
51353458
69101148369297
4906762266738
1930644193398
20069200
23922017077
18771485981181411
29814
8647731223
7966162803
871380882
746211
72338647990
78285182349
46208
63702
59846
497481174162522
69216
97162681982821263
42100992981
24589353136
49778062094
7038019272094
116969
167313
726262302
65617539627
8012487
4085408
72423747727058
9057069
3513280882
8555663805121431
87187323820426
543694711
563078156137598628
808701023
32371
2131097
70778744674
91840881943963350
302518480721068
63843702298
2786233079193
652398327
693969070039168
43243133
107235408432
163328709619275
438167618845031
933236029072065590
255277919
74819699838492533
5940933409734752
21328
28379948740888153
696032587146014096
293684
8369744
1643060122101
6285985810
709164866660855
795526958355769
174881558150
936587672
39566441
62318030605654
435141095765513475
312146
9054912015212048
361748901397
69563135911608504
84775986562267
26149424057
7667439
8807915780
7062490044278730
25727
91057851911
333498
823996395
3021489
443851
418357132207804
2108750498
22903170996834
505372438659
1952772183898
3942122085553
874179323911268751
14372166831
16144
699428793551117332
7114839081533
71929649
12676025
30485413
997785565272
258191894561675098
21480545259
21824615511891088
6834289209361
7925145
365991538373
486331806592514630
571181888
3209635098533992
60460661
239413506
358803
65127
95041806
1911100
8881021698222244
3733889480661733
23933869329
55582
9584600604789673
5561080538225
8666876
51961895
1453191610141890
723672694245
35863655516
35200103
8562208491604306
943756445860
3314170190047
12510726619859514
9787995864
469220902809950
55135669
3308738889
3106106
4219504850315123
6600225765
219971523
39722548
49184950968
281436614551
82101880061078698
201796338289978252
684249
24179079185438664
5784343
60968
376366824
85760893993287
5582424
43037
3167960
51445730489850
5826647953452
4647733258849
1332315
357231186
8667466969898
8952659545829
98245601709887854
34371396562
3503725507461262
2940086793
39829
8138761
9942345138440
320536510992757
7464592058951
5738884
20976
24052114
873279185650384
108294
5924476822
78552
506531262663722999
675617378743
369135900314379654
2059283781306
200851465
4307965093339
62373154736
27006769972
7891429
4387826606
7313605
31376330
290089169438334
597952954
70088456159
801589332
20853047325502207
809049287337203485
937761
4334217133736334
6055845905
423091245900857
3763822177
886177352592045067
937355773204257863
690080899
1883895001943986
3960737836256589
86752711637
569808
815250418037077374
936144384054470483
605413033304010
654506
4784957792029192
869840539714
8179219
2059228998681
7255332218
920648
6717749388951690
83396551856
706633281061
83463
419531280586953762
602433688
36418826
62928391327598551
83115558
45401
411725321100
5244601
8734022652352550
72960128197
67040861920
938500215733
88537225830509164
464164711
828548799701115
360930107684
2893015768575
2675982239
113985
65026986
9882404455937735
699843110107535644
891814388311370661
91550255577
302769
746795
970735257290178963
83217793
57290776501448859
2714351819068
5382441050492
791389607
243106
30043689528
272704458091
559183765100429778
14581235301923
1857006500
12568323853
4009425559024520
4426288570336162
370291585696
72301
4733177163385098
31092634250
2104401230
402522457
18515
31852429462972214
88338410973025355
13014220
442546612115
206701562
26636
52677804997330442
889275844377933
3818179952
27772832643175
809549
69651
297891
7431473968854925
77574
20550141590
128625627
11637271617
66063
72729748373
28224205
4308719621011
921783606996343806
285779276482865260
863607
9173514960860
46420849639765
646813868054785668
99395698
120513383979
983389
424645513821
44377
235542257184231909
4323678792100783
1025131787
914870230
70470811882766705
85919480630127705
30775656819
316151
921747094912021
6537173475311462
94791685302341980
620187095585
97429799577948143
9016811783536
618299692142325
876067785
9535988
50907957149929326
89996
7573875570705
40689039353192
29755
14559
445640776561
752902819873497809
757176294857
643732953820
81269035
108492
172613750722947
6068338818785264
72115158168845959
8646738
255112
17976460623
464561415123401247
398616516791
7465822
5139526
74190
183653489774
828099
9410080
149070328906068265
217993
606154680
60077048
70385
716456795370359924
74863906
44072666
65162386389267270
34866439
865022767154767737
978344028258249733
127073919005022
9343562113
553707459
7664950081623022
69564330
301187898732192497
68565527
24010517572
43088
4368912
2083115127
8518228386434887
89772958
632083
604581
6348635048
992284220349392
846289109234673014
65359958597
9843756407
94285696865045
65075
225363423610164942
88952521574270
534198385
6019254987763583
77194214073148
771047914560563916
6622630209799
197349138219872927
9607983363688
714505
4302360813
494023
60697390860646
85542379421932
29105092419363784
77647360
19687580552562430
60203378704146
326388544078834
71125435096
1438480556997197
277959852026825
8375953
83345370434
10563
68376519619332316
39113711638734
255675200100
145273190919
89800
73026343753
42048454607851
613326
6697450143316
669175630208657
76944703
11314069621785592
7632009
55747943849360
5974424068899739
2265065
1408826190848735
5969947453201
39482041
2133222
40796364
58951411453517
295300218504011686
7898580508
2283695522368
6140540970174464
68472
58520971014
1044797047
75986480511377287
241181630544145
44154250508700579
64396170938510985
716457862242572708
90133893767107268
2939901179
32567486747946032
85513
5209064
4292615955376
196193148298
7263624
610061765381792
557714
8115226
395168660661473
38994911
816085962
15933921110457214
47371478032646
607728671251352713
20624158405239
589303
756122479694
996547314
59636
22816442422886694
96160150174
56910934059216
514557
33042039
12231552874
61434634
630462578
39351352
694671305943
5111060
439182021067
812180617041
784986571551
74965689192953
46260004730
26751871493
321961682448
327410984
41490593934756
1205809040
88687301467
246661577
965787116418882896
1654493
64361044260194461
8653451901370805
21228881620210822
326200
39650132
630365052354226
20688944934405050
5551700876
9843778231973
820855616
63298204483017244
261447251
81895236903467
67530
807417280
236396
374978610847
7254590128252516
5169745852612811
919257
4770172816190
99239828461
597416590
553196887932857280
15892896493887
201943468478
52545701
87708981725827221
9454394326891
847908
69997431
37410388
20058357627280818
68337045327137894
90092
186675414055624068
32093420610276
44400
20750
885589639943518
3034457215
3764289276785
88414
5379682003
37660058
927480819585329775
5559222930719
62604752272
63068563748176
21422366
37923857930040
127751627766213523
2450189855
2933104878
870891266
77870994
81449191694386
9230374
3781896
9401647338132022
1702211
176241
2111811056513379
16693678094952497
4814529561594
772386400503876
68351018
32667078
5780779894847
41027664253846451
6106986927395897
437303277006628
24693408897653458
5595339154270
1127117522868062
17652
319669349942
21851360
441241889902804723
6996017804991595
388241951058249570
616007396
467320024961971
59287
787199340
921927559
727524748
707385816973
385430850406086284
144903276458279
6176512614
665840772
2258589
288552057251
252024833103735200
355221086575503920
586017725518068
67334337
81204017109
90410325785469
201016427801461
47966123403
943759707
3449751
4924441698
3490827457333686
9634627463605860
15980176
49126111019616808
223790939613178
36067680400
2556875448734644
17901
62864
15790
621243
450617
397785378748377769
86134
242536471977
99883064842
1293981524
7547575929245
9798210777501
8467594254
592328
877547
47108124370481490
24400755912
28179753647749
6838156172034402
21793
92412
6391568122602
30850874869
681705375
37860198943331
41975354682
876133
6740820
91899238440562
259093
3875796851
48059634620922
538082487755
1321793316682
112453
3044795728
7237542387607
9718720577239395
371397730021855436
63941305
8417970149341804
332209873110484
3155271005
829035866430
184425
971082259
412026978365537475
8182163689
333607634
70386310799
6063026801685
87949070579704
6721578469613
90608
6179509453733
61310021066420702
53847059169541436
16954816
914771464
668639149048
102410829475928
847821036949348761
64816805093388
87477482321708076
88926254338605740
2265568969
30944
5912328921
93394480149848
680409984
93672627435237
110134244779111
80836369515
60795655467683955
6729565158744
8115312008386
646491
92705283138452129
92737186164
35400317
23817675652585190
20402643192836
2339845146417675
5645207790125
38865799677152
649849641092335808
71270367
12159899475
43605016
98109
44453018844557
9777475
57099526771
7157629507906428
70292455569306
3708180
996775
14026
7386769276
36653
1873022058
145098033802
98805030
9095460
74045183269090
80984396741
255955301530967259
13503813
931463228
9838460136597
3881976875513033
35618672
369837586346197
58382137828831629
13603594
12742160
24233748433768627
5178173250677648
45247104
16691150440
7462371
835084144474158
60988777369937
2643249110016650
545261067
33392381282741
885333605
123593751030633656
6003458259600337
416531983758
42181158657627
709350303650008295
6267364510609018
4544784469278611
427295
2483423
823616647049
930854743
5818810424
83160
49138723879314874
99538
59499495507
369552103979357317
2052705811446956
63979
7446589490968429
17888503022237964
385417844532485729
568936572859315059
46628741117
383514128088711
942248495587497
9628430
752307293582349
204269
536270592802438
870929981668708949
54783995784090
32506820
81692043670888077
267567494126
47592475495705
74339408118
21321
61250
8473675690949
608626496
186880
80668349291
43898607673
5502947
14392934
399334492445245
403468880380
609641436159359097
8564675108
701766351370
97477879281758049
248097594035
710104658
5240050017
937339
224991632016467
6432563404
18175517991
2579911639
98164127
893640001764491115
63774993395562320
1711584
725302465522112
83710259295
5963503440990497
1649245
1744887305962085
54186191305620082
40954159
2160422006688515
5586737758
62031339315974234
614979172603204
163913766432259
8144436533593
8744560500999
40128496302050
12738
1418886761
63011867742
275249002083073552
8704838932983863
83968063
895009847671
77221
43948865639
882510
72065
72872923272591822
2613101281
22954
3611472711713468
919277609
51993824345140
461424435545596
7205811326603
96191
62655278
80950543800788
103011985892086
37130696337
77579426
9821386
85354286455600
51280
25866
896087097
2228025500083
5020153
32256
5513657
1340496648482524
901786151136716
552096861006513002
780593510
13888687651
793741544
4486534691
166610
28385439828
1724573834210
26362
4439615094599
58003165
1089658648855
32114902758
8061655556375293
377159098090
19075
2271369690396247
88206519
2899421672
1742801117554529
971191131893412
2825721525925133
827834932831264
24589560
9487357
62119089
998224998709994369
72508981734489277
670471
650457
2973959876450770
88655875961321857
461291
693330630
89678748
229512
472152
9139011859376131
29079762367
632716878
20119791
77093084486470164
43902778
49961061575
7550026773607923
4668757
122962968803169
91155096
238930490127012
609750673690
67528480231639
688088149134
53260079448165
156510
12696163119530572
182512456503
268092381514
6434501
96930
945911481
1587923126
347340173082
3461901084844
8003114319183745
72677
2836821264151
9330924
4070310713435
71250038608412648
516987991
84781076499662095
913466002383366547
821874188826676
26346
198863132339
788121551608013
659426077035495
214572
454512797543
5058057148
4229286
71077229216606522
767056018434825
25230331
63931
54237881
111728798652460
82458818762
9271669132899292
569750205
6206962140
804156363
49254851837230158
585689
7703886353
33618
4699002
632396
8332503095915
66875369442029
962431628
5304378
504939
27733187601835830
2086818685454591
3481857036661459
45693313656449
79163486074792
190966666666945
47590992
9206220255
14336
97227
2677602315669130
4426784285898365
111654025772243
683687
9583051474
4887281987
825092428238481379
239889926223
857838366404
966358163611
8289513344
9472533573469803
45085
3917703043
384374048
36883649597
948195926498145397
844375215
660185668
238456
63514374636453
645198771224099041
505403138
5780549
5367017385
920784521951429409
72552593866
525056
21169
435780309668597
45073342853506761
49609936634519
77253358576
15229218
44171
8512444700863
42268431454660123
3750122505544
77858474
7643711
82329203208215973
123130045103155
4273269216405684
29370784185103423
1513219
86680853480482
146631448294
6160389497
2316454
91340624806
96201180
196521223
47622313037154
6995994
6743991
3776928455547253
34304
159643492
99509763302514591
78366500954433374
268609887796949409
83855554592
8267595391616301
77305097335088314
115625432486807
1607387
2899391600659071
64838179
3011829
1096746546323
63620270565783
13940470
11323420364689
380254
93197549
9684540880325756
884428939000713
650695
2512131146
52268342297539318
972433
752963582426620700
7845496299
38139718570624504
279091340251902
63100388339236
776801
7096075395
73042158166041044
4286654625
140606476127877840
2816010062351
9307118190
187147294045
6435750985246
97692
714773556
26773990634698846
29864518429
99309374362043
109919275602
2657391863
216850362960
77200891519643440
38827436466
593237
652309490959040376
6094424636
15551046
85256769
4239710692
14382923610727
42792652
431714
8499394269585
453002431620157582
5892711683
5514625489683
41773
545450108360505
37931065697
6816237381727
685310587214421
718755
556387377987
38776897940502
647711489223
4384631769917756
3405088
4462134882
7411833143
460666934
4613275
2758590910805
6746341013
45814158563453662
11832429275132
67776632082917270
701762886817
453630
17072207
52378980608977720
468141833
65437
31753723606914
5818915
31319900012
5140232365862313
11016
209908248065218
76360612155016
89409550
7723428012971231
520361
2158793571040507
27361282728
62321078431546187
729087208944657318
83856
74699808925
58982
542568176
59011827748
8569316707
34106524921048
3510963315976804
3070465
4682893
6859651
324045362679789658
8311547629
86927
5701741
522588
905318
1198438
73746574406
2465887704
258446779
155497589863
8936814
31718649444117654
174616156875975
97649
584825621978
5761127374
774323204617971
623422771663
12727
45736642977
682149187192173
22579439944421
3144986376490145
53464225255825
32020202324
857182764043
57925434390062
1764373245116
58012752689051615
73459980790
77617142598
863781722386704828
545973306001492213
230074705
89318529680
30727774253
572766071686
59133
2378825089319996
1620924
8241316379384724
9154539202
35210
8541179517734566
600205235
8847353383
224288
195937122362185390
451057772326
60157511143076
39643861
59939335696453
644019558769
6543459
6642276905173
51154790628
40759675553724084
65445193
28900395018
9698460
599421
244630099668
6726933553311251
6293248
7575985
5951094138511563
3475978750337235
9859301954
11425165094357193
6491819
913482261
67916
374118327942787013
34041672620856
78487
48092595669216
1861737
91129418551337
51221
2498696713476
655083593297
78161
58846115697
6673602729
40975
899722742444807
207475
41628217662
845337733883218
5916556344736
8156037648530
29995737824943
25534
37078
6872056238
52242915778
83256
159319
39744
457749354810499
8647840
6435636
6521216
967007
391443
173270479637
62668092926
89845726
1217693621285
6941950402
20521
68521189
57822579281047
52079541433219
57758
92478339
954014943823
275172529645
52786283672170235
48198386531
997464
567230995485605
616254
3682109710270
6935101104
873906
3272343654569
23885273
6615643
5469100829
11036740423
686966
8254119243986663
836621309699618256
23814651043019
171295964346056
3488805
49472949663
62691
480478751103
50609877
458002178049653
24583441
76504165601512
838615
17291916024
6057266
501393413416
2483777
1453189
5297273019
107635457870500394
170273153
8242394604
683310928
1772531698662
491004428578
70189378
433204214103327349
90382046234607
45225397561324
307099002870937125
68211817618
7877239
103488625492903113
56646347573313
8654324027
5269649635011038
8952722734657
43447511
31237254
7257575992
1501069001897
86156
58710355329971
52667899405077850
84327050756
32700752773588065
780549478
437285
8474234403
450724254467293
911175368873771677
39395470
24132411315838
6714696618328
5135256
4216297
5659769870538583
10135351640361
791203
87940150129873
5961371336
311605079727948036
365119548084818
15502903554667717
9641489526
29725641
836047656971028
475312186866738
1473521676
15724030874994
23917
8126832412
98772
533190231414
42497583967
7931476
87842295644604
348814361794492
5724291899532
5413743906
95604112634
124870670668906818
591149916527208
407076548550895
49869
15959
23302
968303125308
738801
470875779049
998518768307425
8630166600826
41963300
1053569316
303232645567552130
100560309852505
91740252876889186
24330578284
166751839836
87946880453
1858771970
18322237465047
5103075361
83052750544864248
15866120
35864349543
9534505528991
13777545787509
48220248311
4041159421042382
709115504990257
476149601437113032
379535403
69234574597503543
582243918744
2980991248689
6083008467623
9493279
339597155676150
73961382525
2201323297
278315855
706573
6731543
222056270366700264
585632308387
656726335
4153997956872342
5996066
842122045
184091866887481066
85457
5363975867
919601546765243
885754828425704
42706602537
1137929384
33647223518867063
98551470813411
421424416412232
1784497730252
5070659938
40034189171148
110591165539855
926127474
33528540397931969
9429367398655709
250731952
94232106398355
12065602
28429472981
333230997791158132
87696860104
5065717903417904
8762037021847
393524523631812
8235608872258150
699809640220596634
764820503
283124116388
410267127160276331
803066099
81507297218563
9297523635853
