3487946349127
43483840316409175
3799387145136
645676
968673253
2495522428
3427142079
23252283898792
973552743105912
421390379654294
13759465163581708
15723446910267
49117535600484
16996
825892213891
64629218375818
596797721407
303599105710605052
576003555653964
29981008
544228527117705416
87504
317078865733678299
724798121182137028
794696363816509365
796774
69067
60024581
242641
7085336471930
67282
50380
3887078716059
418448
56668
137636557043
8313978
143292888826835
34730884443247
91119
88928394
51782
262243310
981324
2688268080
49154633520927813
91812419
9070743230151025
8458885
45856632969305122
58573831
7731886004
334965150
23544
52190830
114677091
97995402
752010076
1993382
7700076507
49602
418247422293245148
16811403001826346
477598524063206512
956971
6636784653
364955929448
8009762518379
166910927565357
3830025488215
15147059135801688
8671983380734
492043753334
23744772783265
11139555144304
9156507464676485
1899905616771
74062849769766941
756439339
623936633
32312530546
65027688
256981421379
19788011411353070
13183
86540
55687038150724
701870110568
4654791293183499
5412297
418402198768357
58207646
509467535826
494995445390
3074299
558768128468
76282811
98075966
4416443180
1691428253
62970958838
652021738920291
33195996782
36481692487845
46732082
57533044924
808347228596139786
31242956838499527
12285110691248587
529672377
70641987
927535721
781454457712432058
2527394345
77401032820
81914813516825713
51512
9935691314878
798452262372235578
7485992017653559
70106429248556
94889334375
9784718
633142
991235578655280780
629722116841026319
410676
879112784390934
3107143
356722203731927695
89243889185646
832297535
606027211671749
29823888
8591317
836112013220
2370438571
4002072
15884674
188704780
1249932519
3908324944820
36079082407766
843826959
6569846
348742205
54909327
85502676952511701
13519356388
676306
5850993780460
58303833144
52564397463357392
902201973295276
39457
32088
38892768630
344119311
146566575809618
327456214041
952128799624112132
301720935051400
9701539289606
58083568990
46069452
77943560
916677392139
554960
517898439853317
111592928944163312
4900813089
613732183754922692
784943068
307635317036903
192357963
914262782746757264
351132402267761
59188176769
80343924713680
21206311
18823
88022113031
16697335618510110
511225085958312402
542452250297946505
832772947838362699
4714241569334
474288597181
13945839212493686
7036363611120727
338820951
14802185627163
890402944900
892211071
81318885845174
804560438686755
819633419521594547
26597
5228055
661616970154084
43088587486
782894556843072017
195351162689108641
98350305630183056
925649500
950408
539861916783880
66181536
4045062
372705748
26865215778
10395968155
957079722103770209
746661
72361841941175
786203060
2791032343189
45301406
77227328822072
305533577291
71813
45573733
100179287887
2349066776823
7729152550976
170708521
571959
326540795962662
1204343
634240120750
40715105328150
435954990647
111369
440060
25267966327999
2751644
247251
84762515363588458
5929211991
6525627787936
6573041
658835395525226
361338042863
38790
476930
899223506290929117
370806819909
588891983
57170810618433
98385725315
21558954832
973818885518781864
142016015599811955
34893
81149292927
72062845751168
7208995
569677431
47397185246
2319420
274129575012642
309753
259985364115
463414477858836
22002933
299019751910
37085907339940
7044173931812
292738343
141706
5024310967140651
931699343536129704
6627589
7984462
86366528132053201
9098471791157
99866080461375
477826594
25612295979547
54730129
605634692
42341
449463179834771
363133031800014083
8161043241162068
127710384579461
306719894
7310348475822728
950068743973400943
33300850139
3290955
348073392392051
21770928
9906755063355
1740270458
5324589797544
51647066367429
16768098978166
747362759133
729339150646745422
9923394407580
8995802
988299
25627542347
7756633294262
962797464255
6950856257591
57169455393976348
898338196223760
41104896
3135560098
726810724038596537
3876026265944
4305202581
9249879729294
613113071
550981435
8856203
96022
941374460
655203394483658
92862823
1817504662531785
9322418244247
941200
2044417492377005
92669347
3785121618382
53368644430136
6295697223054995
892528033186
242320410322249514
3912136278218931
492459610027819162
3410980
774381700205924248
689818125393825991
9030945948
4322804473
7214204359231
59168489
283437
211564982070
204823784
3478844929
9938495536
11344
2518098
76240554718779
509374744
3512694266
201875471339
91889
3642702
82909199814141
444289791
43580768702
560241858
32619499282
9879026464119
86893716716
532334119
8918993
3454067
233523500
8798102
49657805
6864183731652
3225018083
57612901940976
58018
172153964
72696646042467
3718371403124399
877813739
7874618432
8213961
72865887420630363
316055
50324767807439459
29125864458
2370087
8159811
7725833225542
9013046
438226460392184
5443418
92381559986451
91078899103
6615964763007
95419002986734286
479829864
11972024
2176034789
18749319213
9495360410983
68369
64788065169029613
49438879753606264
83227725479704
107528684
959376871618042158
12943019
7778655
60218
605116
3172406558236
734993987
5779318
8441693345
905453
4124014707717
878232038594229050
1620136385705
29235652364681
722850946
503803516
7724294015096
612811861545805667
35449307912
53743047361
316824035950
52133279
552148949662011
1503270631613354
24552437227
1063344
24898756824255
838570596
10782
10375640991356
830255504394806
126068860
719152339552529009
508242
44952
25970493
829842680032120
4219010
2084892154
10039599131
994131797523
279747835
3480762
6502556275044
50353204805
749740661343885
1758427761091339
30615312
36280800979849
55268677473868
64364575593
645272385506831
55662913696061235
8380981647447300
310551635673
914790266361904907
716094
6090678410
202837271030169
66111
557428221509687
373058
8883247036855
8110100867
28621
182093036890
231477097445628
1124479296266
462278828119549
48966757
4043600
335519896423
38419005939
34177
5564615
538994898005094303
7182593170670
16671
48844
425499580058
495875532739
9319677118138000
142511856107589086
3352641
62717186526538
787381241185439
868235921
55203100622278188
69875348
75494869
4987666881350746
64942016
418216071
64988931871986983
5157192
27940698515
90659186642109214
920257168891598
8827080922
338778094
5891473870305
844198788204137
45553564
340537581587
801499439380932314
3752551566800
35785423
30093
63985170
50044813
660045
1564482
498604985219236558
7690333193499366
7858229309011391
13056140737
4508437558
50956325679749881
718469836122681333
23479893266287
43122120401651283
6350859
3731371600909
7681688
8831140292
273676081318020450
614198
708323
33332
69781
589833
105524409319
668334536740
353408
22303099903
5190957
7261943506
489115
274594289766040801
43742217707512
3787582256
97020385342
67503
1276174130434
51631564198
795295678681412
31802973637
219810666
4167076
47596132728083347
5983667782
64462549379
16022512852744
701274381344055
5638989546
11990940123402
803815
636766
948960576
1286039
71019
28978907159171371
1335757491
7866336392218
20129
96582923093
119968686549655820
36056
60499037
7302823959378765
3889044686
863024774649
37436337
721897009371
64066807434672794
73280031808749
23995
577663005939547506
5443068628501
28908263714313764
6910376600961450
1742977675
3849824459098387
7746199804164144
943303
85065486697349838
146278549125
2390918806337
5475979402088239
889587860640
40307
403789
557442945013803311
360439093800657228
4350546
2068803082404719
81890720557267586
2744485323917
60002
409979527940
4371598090
321368430753984251
17885
53273340
92457119468465429
24987
12064541480715889
62740885263
87391365
537341394
682197220901018576
59001
9204544556608668
148718
1843707825
3034537225
734309876
86770984
847981374159
628081
326147368119541
4007715978114
54370787
33227371824
345377
757414963896517415
541994395434174
611312969478251
794038121431020047
9265150
5433018
60514659
546936226
157285793
99577660912
717634
39129525
7300031
115046701853825
4987446655679022
829673349135
1624149
6598710
6004678594
73990436510371207
422818981804
2791719401
838297
89374762274
169774082590082807
535466544995
5863181341
8187523641423851
76047328303
703590560
63606317107
73140563380
523248588
61230527575474
93193304706
288308345073
9186265
123000816
778850595
756785822703292084
38005363041154
16019072
3469697827697
73917851234545
1741372
717219071
47299982
501152520573323863
1225925727997071
2313799283707
1141596779
2282039962727
136919896
841947629
4086015362
3297770342
752807206099210
4351288
74237839403629
349839220544695733
998857
6967042967
193191446030803202
17598162
9429758053
75079
758181064
1397078
8314327915282079
42515
31870
20054106114648467
39730
3221978
367480514551086106
34464284746054
39634
54569
334859883500
853997077926725
7094908238537761
783249184075065093
533761
242553568154579596
69264914811490080
2199135714
73548583
4818842
436086890166
8346175816885985
9830200413440005
13212
2431457010174039
321124033
47623004901421465
7194599645382
27076866112231000
176742560295
74462720991
938801753926501267
4682553
33215
90760851657355
427042614014830
57405
75154155454
32494234097
17974
196600
96704380643
47133699818
967921815
783231353491
1636905
4992225
65579
21813312021592
7143908067
54256004925967
9985795961358895
479643
6945616
676826
7001670115255345
63276
870766381
973175
518256601541140
7525535
1031483835
502880
4675592
623736591079
71925062466647800
10190425881708446
9452613
827892599555965092
51273338024
665586377
48698434
6499872
90668922
518838769231353
9534019
5673594029552540
9406326063
5145335907647165
2146089144
84373950220130
590240302436
2967273348
500319127
9858961
64350287489498
64532864935553
1279765349
7672829169
497601526899452649
18644916978
687695194075480511
42823381
381534882950
882236842898648117
31923912
74807
410671668238612401
942033503857276
243934869820519592
825035975203486527
4079606912951880
82201186394891998
233082
100609783
63329030569
660407447072494592
93987564366
7751845420401
1601150
71152
24559
232920625
848171
84511607508952
31449702066149
98199694153516
3686132
616102425554664
99868
16902965867
1879609792284525
5368950101235
59835418
991524271952169332
17406665108
511090
334856167705644
19010026751673408
63444
9783313619418
7694408933
36516111
49153805180587041
72362081063
6147330276613
125800
167773669122383
697554
77840321
90462591487
21117
8116042780018
83471780
386152647
159640128
98662206569032664
9956137112837426
8440280811439
32056515745
829258
52384
805163138419807
7208758428970
423153146189663746
5771537535
3265545558710478
89027756851939499
274195454
2330626259809901
20720084778743
19707783447
43862355232754613
45385638
6253742090554064
577808517532609
9808736238
45277647803842
2798992
323931452
5755701
17986960784235004
251256187978581777
59467
821412991597347
81468686537031
3905404569657428
918836651277
495841054640
98578469745
95785
72075705865270255
982840988376461
904794974071886
1643704924641
670800078369076
5986432
147524
7853125410564
491073365353
595190825
841948610955
753760038
428706606118630182
36142718711776
64186259276584
165422131282017
29996310982
514810293
766317401174821797
392946570176
233190
96972
1387972342013
460621
522070275606
1348190408940241
474948443279145
3267187603
273315
67977027025462
838281778098
277312958056065904
703319618449
71944381843
36945
37138
92224211
73890
450130846934270350
145344673925539
3434459149976
608213656706151
3251929011811
63383557592
40942
68072
670190920615605
9862419
9236247880
3211832750640643
55569773648860374
71480465762
5953714
392535212
61264729444652
23830
60352078677
895668553044713
49974
53294138968
56724466
1871512301385
347807255
2422825996
69947260739505708
406024208
51677801862932880
5298503227457
464845761480554931
90909
750733419263278252
1887670666673949
925728882042805
6929025820
28182744162
72196
6358865
7548562892738
32502
61699912286643772
842293132261388
2658710573404277
324819940608541658
94584403147
4231388840296969
331442
68176561
26616369808432285
9957846
61407322828373
546642126990223805
54412603
57946
17814698450200626
6204281044
85763187471
13591517589139706
45491659040896
90551
8624256064145123
2547193
945314724083
137724279843268
537439144024562286
31820810253
1048509097
74193652904335506
807522351
67687
272561022326
602352107966
93760
3275415204942126
2798033564
4034145166836
557960
4973756994
552978729033562922
6223109462083
51607616361
13160547
32216834
588603649865627
2359786551
57906169247274941
657283500445207
9387848243
9597819254133
9192867673
216113182
30419097146612
26854102849
6794805893
654945819009149472
475787
543605
375195389
7572129995612
41525534
75160
19415
1533758302
2196523360675
154149754
444899599032317
72510
6494482
9328826
165943
6625341230169505
9599337290838
2888852737723
7595215392755457
3396401
96001866
58651107
19869007260270912
2098460153090
652953839531715
7725763658
9209250487
9635112307
54911934247775
810503715767298
58857861770
123687736
66564050222
9108199623427
1235388
12958174
5008332
408116999673251937
330162
17805023
44600
2365317939870531
404587080977
8764814864552
805425163172884659
7414685426197801
23274882
79321486933
9107313
60056942
9608613312652
566135435234169344
87269
9174129164
2718198583169
310005
701205
861553
8605396985
8286921663
32760
256179468352189281
503402489342
5355828094605
443835
2210716383845
1467207351703714
93569343
3538957
839844463126140
87469420
2212689981
944405021
3537303730785349
273664
38522029
132651620656873906
3950611110655794
918774576905732842
7301669380833850
85037468
25282607377820
9501973
88986624203853524
89875119921
58170089155362583
3640490556
80811454027
79818045506489879
83576364703
7692020991
76838
13966
367960671
638340
463197246709249257
47437493171
415232116801095
340863774097
327835
126644486246
5471628
260962919128930179
9005053
567348664700
339804138
42130182
96228670763423383
317414399017
39526145363648
18548620970940
57983524974
81849664
8503708305895957
80969123677
4020837715968391
13781912986
58162
21317
62939897
83564354099
1090256614
49230607694
85524176268
28055179
8788237392
25193965244464
635283677204
460191
5867478715
23771
39535765843
48895
142499010920281
43327494491697974
828787
359657797
206562867126
59695719
820067595797
860901935896198
493852
57024406208628
283825
537760512847279
30869680538
42522
950094309529912204
9940944212
84315616886044
5423441
335046
837827192575348
914580
6234230328
415005372518
269144855643
980970495105544
8979904378
448696778
3490454
4551290912516
5040955794
577631553859
6553750741
6076515
963788
310291441378222133
35022648864
893605
52095442
53241699718
40563
22399182923
173773994890
470634526463
7143844682012397
143303764451687036
161378891207
895827846
813556375883715711
97769419005357922
61043489515519299
703171096
19745
6711705190
6119954512153974
4613438605183
443251
637982086793104789
8509927536220001
77889293656619423
129195162336
143720
6424650876500
6159846
69936739574
77907420956785
29023
77882295045803
1327708026
3873459
539467291345278339
2960980277134
10782233866873
8913109
9048816392
203659425880471
2672277926283
53713427
556310993908
620464687886203
22782450
73745209
732139299504465
4034133
34837206
7323780
789448020
2958313207798280
770972923435826
126923281520024
220458444119253573
2666212274213
4457404
14310235
25076730
8476544182543
85664803831
32261
3766350063109173
900567
415994299060982
718944136074
63301299
3666994736882070
421534438
21387469643149
36211891229
957604921553563
9839594182
246448071135
5654279596517021
2313877652093
517362017
196648419503759431
75107692844282
2026122689256166
89245
5475887
78419510778939
9381605024594747
960393335049
24603696
4296411
295167364769499
48444052514
450713504385866214
79292080574
98233
1730149
751060074940
193630
919557511212499507
460371999317227
45401
788049869113161
128828341610912
16060315095892568
8424935389
376623591338474
76167
4099558064193
5067090
6543401749023192
9169369
2246923107450
28926
579332963
6856989501164930
428629
742147087
24021009423818005
1430117595955796
2830371
33820865780143839
773805916014591502
819614341643
190618248
96665021010564205
352029
2776035616806
4395934658
22626913
61091596155131
4452732287912
35773437451229518
73342
356858801040643074
2902659494163
357434808
43526214962881
747489462828
81652754356
50806372344038
4319654
97669
616109172622
87297508177
405108
910371705601140
4181213741781839
9987967216249170
7814355169369
224298440
65278767537977753
98753
854679554932693698
63412230188846
19699756428
407304003427336
81792
188248234539
131330
2835078806517764
203205868
99329200583
8156084
72011115917394860
62235243031662597
45633
12475626291938129
20427
6723085090388
92250218
47929114919
64411138
308821250184
908722079
5802974127354587
43843
915388124007918
5567769882690770
981246375316130
7584941133950780
53128403336
271374472439
5154321379532
9042192611415
169442169236426
9138519465092
8493225
117017956564558
6531550730425
1362561111222145
8876083828197
96952
83794
1187616725
84514337586609042
71673241065
5937885377309371
62458118337
6580142842528897
1652953186580
1069450264
53281
78903690210345
911329767
188289252543
6516838219911
3945431772315
74579
37714453
60334107
421102
436835001833448165
599504813731426
76981663865471
99865735698
2133457640902
788423637688830
8400741475
17377
196300074
60144567350979
7411997395264
8854303634888074
8795985
4073331
2436365
911066688593913394
741263
999980982
4287144556068
59505516755639
1896014680
600362713764805
437478
880336
624399159402564
264835032655719
750012988
73032
49532
68130753979436
905361557
68993
369295826528955665
2147631596
27764
16036294452904
2333790272842
574175573616
9975098933
436889237
30539755903013
941109392339
466408091443
96978307461303
96551228068118
2998178840749961
8851454097061499
1958190354
843917
9796270
42714601606004
63166426
576280832198395204
7942249037
367979
2989244155198
2686339858673186
12981704598299014
5678895824390991
439816407675839368
242637114572
5584498862870
5899941271763
54709291580852
65587537
290375637018390
78099281453257
693919721766658
393608564556951
382997733
36591945
567131730
6198477762754026
6818808007458
8125668274688598
81851793492658288
7833294853247
15463012
711713464448860478
886672
9993816988481701
92404
1330937167
7883162215
9588614231174354
75554025719
2600947
716527741
210053389037
213397348669791925
79204242571
50486159564692
33604
62493110808859
41227747
36554619527
471962677716
50073543
76822199
2997060825
675614888975347
874734018939
1751911525564
798766912129560849
92971398
75311739303212
50506332234276
4674340204
855533303
69560058162837963
346218609782245
7132090068376
8904466809050
8792801258271
4308217529601
7845005
45641371
920804444
51806445203108568
4597577103272
910348
485039719073557163
340089
9346417
630294430
83938320
4257530079675288
1950798720944357
735237349976
69869033
64604450815470045
563144004626
520383857225072
61248
96478133
958778283561108719
221440
691455472
464514095189528897
13951
5788048335376314
6393047
3132900353475
7812945132
9723604442575435
882860
611376515981900
37823
10897665
78133189
4164470
4501003
57715702097
5237584
980375042
29100891399807
14255294958
81117016127
731495791799120004
2583939826160466
8613882458
7832853534271
74639
72941527448129
999819
560431
516353141
4452616705814549
95564213256
857646517555002868
30470317193704625
696217241
73370
46709446009
305777691875573
8498615534066850
988427566286
116319
30222
82702844566885
54074
630648
220549356316
939703555680706518
198665834944429
97574530449339958
61119033149855
79041528
1913777552572764
444252361785822
517107212243706580
187365
505726
4150294280
41914363784578760
11553865171596284
2491477
23118376856262
3253432
15918
971705667245
38655
20579981542165
155435
472540857973945243
153603633
703515757512
3927253769972
6022558325
679684358811706950
754547370
604617802
625001
357172233
5073971012188
239358987
911119664368
63900552230731
31041611
8597089283582
95291312018
712539933946
751886398813
686884
679417471
863636476015
37304325628
541291761104821264
863977907
65523281
51079865
5594207641839658
40614892155602
1625588664400851
2859042188
14708
3293441705
233319145860638228
59091538241115151
40984
393614
52904425987
4733470354726912
16068946966849012
235702833355799013
430177207191402506
985589312435106
593993
335085588259847
85275370916065781
788409852480402962
1255813317
62667
4173042457978
71286956141853
860149905175278
7158434018
7452962748811552
841766694431
82607147696650776
63768431362042636
226461869793844720
380275363
674812526592074
624608850181791817
9828286
2290770366040515
43381251436935
7146715137190
52639
732756254867805
86564969893787
113946454431585
286616590430628089
1283457014273
4428630968
311899896513599633
31548520371684411
949271364
2471801
283268122479836
14210100054
565442005449241844
710649
34502306665473
30627755312741
54162335514
5509376545
4262277875
6034073
7044211
52063352002
860740496231
402300583
1390203641451091
9604364311647
8300392502090160
32275475518471207
31667137
1632112770505708
63488105718530
2384161905
1879708
8799034918642
543237870598
8030407931361459
4768715
114983276707
7146849
566465
84533591328
94770920587
75719123
860176633688
839199683
614650047662987
958602535
655054016
84747493976
1902830534494444
91354
3492835
36925931
664904883
2254749732723012
6867574162478941
26628661799
49079166190
4731657
872341053253
2461368006849
542687611184649
1916694986
15307
745797204191
4132334851436957
6960935473365
424425220430
750118500571
1617107
9614582822
25269400
8764030055
486639141534882
147498
3321589740
372669487
680871593509629030
15381136586
72935786949131
2289698320912
4505385630
8921528698
35165
9850198
1875303356
96631114814
209749164935728
6295218907
11128516467
524790747
667663312276194893
50301146754713
1875216821830
398925884899375463
2159052713370
1256434722803833
100899030479
694381040378235
19038558606
85987
8026391
49071337
8331227708
1357608986262
18557155868
410587
1190235644083354
4338444197
59892
5267321467962
227823
548173818221
9783355610
408778435604116
91904738598111
4885762
8821226294937153
346412
40959666807
463337656
71199287
3576339
35294014
655941772224
86276611449
53132356756727
13381106116093
9761171266375
897075869167625
8367742
2097187985401
74873964
5840567138006
68714209987068244
9206521358620
754187948023786335
88479635
8611977
700346901407
3199683312216
69248
819253681
551294920557023
883323796
26020957
16703154
28932867
50209478
144703433683062
92797503
9997354238067299
755053497424
83528910103875
24555085703
9856082
71542796581181
3238998
913130907411
81487
22959
3653463
6138339148186
1641259381428079
9144950829345
60939436017381157
258810365654815
89103898966300232
74289678024
4343919221
75745869220615820
88460409
323788
764083162
6846699
76871600048343
19727822045931383
127689
32047408678446
56651769876658822
884721
713744
24895535836
45798050298113820
272866
95760998869491
951656
661305704382
410442
7006389
3682860
719380106547374
78449866725364
5513153968122496
83263
146117462
59100581089328
86336
40537270
247967976242344817
52940618685546
953897832
1372265415312117
57312312
3926518181816
41095992508616801
366221934611
4356933664873
49443895921635
13831262677
979009071896960639
464067695108946100
18485921318697915
5104607878975
4968508811256458
603595
724148423255035
55811783
775258168269
16665091717657
40846
6388578228420449
8656924893519021
85730087399438657
34092536938761
606052354318
71525828472730
7287540
7757200292
338526202317875
27441209650
86792913072845
427429462090518439
6558780970
2608253
6501909250051
8550127622896457
343648963790
52640795104243
1927545652
506945015374191
4951528363263655
502718537
9432887979632481
112745357616947
8697528727710699
727535
434768937805926472
44630432457109
26169791755558
690922
80495177065
503968
89740926
2225429180550
59404194548
190977040727025244
572762677883075048
599924813
6778543160564
57776401154410
337935621330686
35078362798
57794486
70770083258
5847459
847641
8010417560
31783103972
3950669
6989027702
57031478905508
9654025414
904831409400156518
375417
21050
39005015206583710
39231569875500471
609696916
2011797
79827996155
77155112738142
567209460360741828
10686808
4138891846403393
7817271
113001665802338
12033009806
761959704107208
8671684808455321
34771745123
9043594125
8849069156941
54572338620
23792095383981333
7203647714
795493
22645762472206952
90070099
11419965998421
850796269147314
59124679509747790
248452359269
444790576502655
4911778
727437
33707668773
528809642810
52082597271
139928788376
769653
20448666458710
34733518514
77116
937657
3971725
8998074297
5888556
770514935
114062
34145023600
17768174401
7970681239875002
2519689327442
20954
577257984392
7278221789071656
62957491
77195453
49276529
592484846329
84418334214342947
74063063603394985
447178899
644414503
823488432
256658855
5078864275149
9996433
89615071673
41603838076496
399552991
18132538822641430
2260384699469
356506479682679
161530260421043701
31946474609649
14833364191010041
880582952691
3162673877324809
150309252237469
8878695
8579092166747736
744265420125
868030816526
41575973193255522
8979057862356
87310242707
9904182250
687052421861
32871644
95235910954657
653913254
420521616779144800
269366552473327449
79647029636
192507123
199827287751
82886859723165
9328622
638553896726169
404943463
6191126193265263
824067435890249
421121116160432472
5118144488649
37130995
51058
11831112936940
823391462274
99226508060886
52971897
2244888
583178710831495
17189662372725
7397258811002
121828986151861
163360227
18901445811021
39100522
8372528
8616594712442976
9950999474587
98327147267
62263519933138
580895121016
22520372944337
155064806078
2841237983
109125
22155
1174172
23310804097360
606163
5135511480806
8639196009
581115933
610371037861
33986
393589835084620
57602722972557566
701997046192781
732471465
3748826024327
9426505809
131672862627678418
52835938966
9075898
23298454358
41107160708264
25262
645494598751
207408835951
47946838509680647
200351563
12850767288941438
90861873030
638331
14905120282061974
798125517550
453948510312804
404596437
555804068375
7960608430046
1095589807391987
788093899
1463526953985
763185920294850
98416
17753733172870480
720344
48241297676335
93566301030873
279348792
42533
7900666774866797
43562473950690976
349372705500
493803808892634694
68857229624827658
71704067496
57524173198492
943189
8499765821
938440
2699390
407452268
47875131
195201983852747305
53608231015
914509652080932
562189288
73791
3844293
66334054537
73830857425
987669003841497
262824108
431998571720
7889749914
6526478307279322
5653346140609
48507049
547085959715952
71508215674102163
5162263
8222166775760297
315380079114928
401835385937705549
5542922580946
182675736414782
7631084525633
17940941731292
2252726468207930
750186574665145
605268163
48242359661378003
87274508807077
6416717
451491611
206436845015831
88462
51560800552844118
8842372337358
47202344373799860
796090
39419
88422077
18540090954
88494428194127779
779012354868121661
5144263175
295298070708413
212167
47211428890324271
22783744008177332
5450389980
715396955602
595462504230822265
3743355453767
9126976
1525521615
303119462357737560
7836071007638094
37082232346478938
5643524737502
97952960
28699
54186
336934085
984709066218719
784904544190234259
170876020425
67796951
51051944826638
87331
389747475188331867
920738205954
37903236436
771397561334309106
8381323099045360
985893
8243672217173512
52506
6535564
294865
560576137
74611715692992000
9401943297915465
64176460
96379
4832067827020
157909734
31614415676
1991131
914708794848
40647385231720
593749597006
5937000536402
33853324737
7484722690558
24204068829589212
56004977
70774103
551302568934783290
48869714833571
472665251882588
218917215520390
939258300
898104016891424718
3949008571
952480533497283
615847630774
5113501
2541099400329
751014913226568
23664730807222
717474874967
4595978
97178999
46803
994388966
91858290257
614179469040461812
27820723670141394
86037
75457666758511340
3365341748734
601972367797241
15127922
7078929372359853
97801414337186458
909637996
21911245045
75769557205492
311591918719
893017111715639
85556
376866
1078560403012502
731597
305898405
554210
200427
45905743775
6916958
552408481
894065640788793
91904088555
7141406
38484974009676611
191469
6999532887934062
580762714068985872
51400
843159934
782746298343966
44960
5933722192
613040199
505424574692467
235417440739668
93524
7972522323789020
5581922582830
456858981330
68125
879486513178116712
628757043766
62214586152
16434449020130
56907179537293582
640447927824
471875
76392045
1282650994785513
721235403622
74437196
45823699138172
76747428166
90650534493556643
547823913023968
274567517432
877392461633535730
5891524039
785361576458964315
719731273582145880
36269469876853892
595670133126924302
551011304817
1730629394
836504162797
151335
39920156974
3784630640
478552360076
1033684434549
4132503350
38824175614221690
6661958
5118604136148456
51467430203711761
75529310353908
8141901
258618
590340
65025541620
8089609035387
8652434598703
812151397027
451858464613606
45061405884185150
835341297215
3991920337752
5940099877
5596728308328530
22395291347495422
560223
5365063102539149
933750537448414
16803529221788
393919761
106483984709360578
80557210
43245487362
812998
4578410
835462582637
94269390285265
694305632365971
601774454685636
358391397
7726920800215
64442494
8046944
971411801
56151997417281512
22499763199965168
8294436758226
7191823869066
11087816621
124746
419311466287
2317034753
656620607476
1332234232608
88954665
9981259938033140
448284856426
7893109916847
4833534005
204325859028
37493
77069
462061334961138185
4367502
550591016
91185
7971906838931990
490792058119595717
46504
653563348
72236257190527
322300
912395312088507
91277618
824067866478
378496592791050
4773433
6197170448
70982488
811833548
669405
73420670621395550
20996612936171
46419628925443722
492756624
99967176
399016837889674312
692791110974618
51476533213495108
29982962
8545083337159
732324477
29070799985
9154201348
99089724972
56010810566
5367762535809927
1930296437
707437874162942336
238612189
74645
7263765
54199710605
5078684
5613516
11899
2388187120013
6698132310
602682
99701
59033
633804047868784949
572729096381
921164027
397558877977515497
7325368297203693
27540680179
6397311075
6655837140460675
239113995330816
487588795480940246
923114372147378825
8943999
41472141456879
69073770207312111
93908
5911855
669702815919
47730429491771803
48731
48583175409349
5366549965491548
306073027501181174
65299071942
82352681965046
763379123
2405892845
72942150064
1942058696
289350824768974398
2956226
7718519028245
47396832818
86253902
44503936
4717859861611307
57079
9628642852516
93954202
43857957168647
123660541434957865
670421377440
508321
331728269292
53512208331
48792929033803616
5707690361890
276730
47785
8110283
601972970671
9888436
288081153496908
2572633787626660
401803751793491
284808535188
64645586051931
60665821587670501
56741187222
173820164320
238950
516115793772
93153246094255
30761183074872
88017431063136453
80033815716269
968484027552344
353473
4356763
95222
43422758722
5876190545510
980069544402869
81783391
88462852063541436
8259454
3193297021
87103430862
46037741
3120531259997462
669680733
824066
9807162
9532619
31232
48277351351919
4231451606
22276265705
50392010812932
31979930788136
812867333286526
23315553
688285817205
7956821
7860024
46942346
593605743
750173937416771
752961568050500
485960
16118509
1333596900274943
878365152
538016811247
7204582154317
230974454
7632475458
75051
223199548449
2765290122948796
97776518617372
364499253973340
3524534843912
25305363359529298
533655755
13829047762067631
76954829027676134
356660
255076
631758859468729444
50740311819
445779926546358
981683623127
92172982994847
8429414
97442064361360
2861906844
595881299660319273
4378920449
7122978704978
2079260706588731
6663813757847332
233224674
17438642960673332
84685724233
8138982664
86450
9727784473732
91370626411297
29696858142
466360059441705048
8851700861013630
1412371444693
618375
56503809
72521231
6057508
41640915376448
5940420388232005
10468539053591665
268307048
4919499396
9646728135755
150961920651221764
3130934
44618548
89489585518
14204
81551265463555
61613347
965158699685508033
255651912419814801
5096855214
36660
30237998368492
74974
752506281431
7948023939
303941278849473
92876566393
687036429471217
40921603406
35218
90524738506
906656179941604
362764180508487622
1419368886295
724691
74216250
89938578926
827789245
72935813372607
8512219354
81552901
423271
368982118392864
89525803988
5650262633
27691770
5380896505402
989203916
8283231833941466
73926062517971768
85509095244
538958767389041
11324429
6654005148
671413064951001858
682648262111
6132501
508325820
16005739912709
6328252896
66581
73538212630523
878624506444823315
452284
54583482
1949309380057
46666
134027978263886638
39367809590
761716570918338266
382404605082
95120618443886
73903424612401528
789508573974790776
6306177555318785
19014692
5011193457442438
485064032981371930
74342118805
98947528313495
67148133
44976775734499802
644963592294942135
86492727
338176297
268878
116664584
314483237
193287
338371
61371439
22343240252571810
987821
2236488411335
559952
72148009
848925126257562658
73350176166097731
24003225
8552210278680830
962446891023173918
526021761117446920
43945883
52815063483
2119482965995
5508766348380
42088558958
49952134967247
21171036
14988797512915274
1824411150
157676
5145951
766994
225258118335
78606971
358694829931
206640013759019
13501018
39928951993560
628005
563705471914
7755249976589808
231725908040638
329663355646
89037862
64041255191850432
58505876
271021245721
544729334
2802507
94842647794
977290604633
482799889129
19875256376835363
19815369378
7317250767059
82448015
70008936
457804098425882420
55555734037334943
803100299634880
6959842934459208
4717027
2884840
93031
63896606
1807475661870609
61409871921
3319174360939
56403365213
94394642
7900139486389
39228738229280
703139413052
2710889
525469385695072080
403802333662
927335100
261688878963661724
9604787260985037
8814995
127617039359
581572828785627
885801687503776861
627821427
3933499853651972
2183009586930
4593435567
772438070557
842784399428157
148303006879639
365386797282
655123220393673
2034875
489925
251016402407588045
40796537925077679
464809935707
3898969337
456236
5010219
506219008809796
865203
17190692
24180545257519
509185120930
347080280068446
807035705
145040
135274546564697535
80603697370519175
2489375958
69134196591
2685756066207892
72530504933
884170872805266342
81085
828641264210994
7445872014955017
15950
93810
98509206254796
5070324576
618344
832687119208742
59391211367731
9019251366026708
1667353260
42430592337
62768165248948871
9276853433
5424765
4108301
793799
5409975
9958489107243
89216486498777
57652
9062596664018
961208829
2063438314625736
3432095112982
57097753665405170
90370
8476197247
171858104752127
6587195264782444
96092480352934
117866293
818725236931234
8256883054335992
639155
925352427034
74698843511185962
657365
3289167
737427197025
22402071036319062
44076103734322387
35901043
3937922303273
664381
343428282020
4554751418850650
379861
9246318140779
2096820336079
8216695
4396848392
5423366507309
296717967633935
7559343221
75698090745503545
538147
320751704019513
4256595379
938281256087844659
1268116060
150998877874497
8697874554520462
53363567542014
2903691
91657614
2536040
822464740250472
352999110687
74057073
1260933903412
50476366747
98580
37598975797
95699384090560677
950574879
6406366880
8321271246
1886622776
18491526642478
74372
81204861
43227
67288944
363415
9342414
402771
890519443797
3853283613207
991562525822
67829251316865209
6621048979040400
514603847590731
77732125170289
91038563
91729
47479860995885810
92766
440454438
187631172
8033488955229643
20693
4274439
482841023410216077
1245317385172
891716420
6274626379832961
1137876991
3106254950
12090743
964839
42971601135600
76402654067
456494404
343317047975
80526425327955951
74897205
55331
443299375831054458
29509
10223
81390135891610
4989681
847199072
893995667528
436476
38649
417043462
565246071215713
9040912
23735321510
22090745834682
33810143851
83226122300849
9177826667743
4790322
2878630
58421415255442
230752700789
4874183327
748087114426
1244754008
83674950993609070
848843305449787
82200
785449167038003548
868661578
4508014
50294455547
372773749
15397786635
928586
7206055739929122
956534156425813
902520692794131
854863529159102842
63052
75561690
6732343193
3457147423639800
150814403364772
2562488051616
37328963982196615
4729768348798
255298
932036269997641
364518578535104690
74831568574
25260088
56104579873495
960148
6731326553
6734426970
89349250
83958417749793
541166688231098528
1464786895839
443778568
61847698149
210097
728058527944647454
141012738467795032
7570288091911127
809965950614
51268497590469891
38934607604960312
616990466839
4085468
313694
7255607315136666
7362498390342232
7421104400899
263027118144778
8696302580202262
79914
29191
989546494729
463285
185632611
490143433766
884946554220550
6884904
6491358432
2056824648092797
507504700
39876229
721449970453155481
2040377
131940450
9408593835910
583686435
68342771766
2662072
14366884846617500
387578262443115
982501108210
34353074258108115
752636627683971184
358500
91149398547478316
8636104525002495
399324271527535
9147419
45151435819
79048161793422
883333
16946919
105617957
772116557
92237
98305291180
467850048856269176
22019069705
935124
1239305516
917084
84889656098333
563608836207974
4768847762745445
447956045327945880
8771207919403915
416331812580627346
77899459347
350671
3426657
22567
61971469367
2168383006
3445526949683
8459300087431
33962650151830
5253900054
9720753004366782
374324114795209
3037850
10129845075580134
743370
243955176328340
29425290078
148210
9805217158
94288077784
16342
91060334897551
9773289381
702786923
51192005724935109
187529118
29144670
10638449907380
610527
942126
43672991111278
12568988
536865744083782
411842790
36992388960673
587822022791
44030
87016
91329
769723215906
285142229292915247
2324265139590
531532240305
39538906151701722
20232132506
96409968152684314
4328688730350
932167
66346423
42866904
9364622040
242257051
3363638013
278647
95895025271024208
5623593351669270
5879423
6306503110213
993185481880466
2835561543
839659582000
88999483301578161
3491484488186
75083627552225472
937465962738
5941123007976765
98630
538089937897
25754678837349
278085713881388
5622496
6718239700
89996630058087
237199626079
687150871921706893
504310401106618413
25774651778539881
36618
506380470898096
257618298700366
807748980558
530784784012720402
53594190
6845791245423506
2575321
51490938
322080917029
139759683063050067
8209104939854036
624854
9478435603
450523
5415895586734997
80038053543368395
116344577
872943414951
26018
16910
844763559287776737
819450184130173533
27614013347222151
504384
281873
78101593426
1104680
83697873436154231
2453957740285615
233052
978131376
326933901057870366
34180401850
85705
63366
682218611655180
7185110384
1948866961152
837966785048242545
83100949
8477563222
7175228845
701299
8319138810346
51741122154589184
6963716900407575
20569136332053
2052997
62712063518
838230104532848616
6091534670157279
799794061237
406223519126264
9687641789
62335993
48329880904006665
565196131749059
93526
22124636369461
34078
215329974
3287933261511524
55653930
3685553603039
497282
489133953000
725804324360977525
76459269249078
70658433375216
118909244236975098
82905403
56293016461092
99898901078
690053409334
75907
370353882851
576639489018846
962837083643
480963
300926833
179988973299180
291835692
27487
192744698
5021571761224591
383822300258357
76295238939
1959840
5496602212072
3976371266522
749416587377
4186971173572
3768567
5868662946
2897403097438
35690506
740909
3074319
191053441157180
2277225574649
1592467173954
5683049868480
2987671931
85947682020
365793864
5652191
122515
18341514250
147414
48447197
377453206459889393
266795791867013573
48105961676944
836262032389529
5075716878501
23908953754799932
956028946330404
1919637881511
38075070446
427025073436
8745346688112
7560062976
83903282999025520
70073642520
648149
6771960
70076422931
62847703392180235
14559255917
4405079
66127
44070668300709
9772476248977989
5052446
28821542368
26655
71860092
311957026732069
661092591062226
7134112
9015549
7518690862
53652713233913470
70423636192
4962007
341303387823
8124205043656
62409
837723980829531
10811
7606980
497524977
263845871
1899753302716
17684630025684806
7448761779
65965
85665975
81579653653
101844128027213381
1926222922070
146042544738863
61140350
773273122
4561085
40237
964130239921
35075586
9917628644914204
55632396650275
7132640707968
350978073088
2842068843
162813743345811635
459845167957
898632583
340760898
4741092438199
28184748225367
1048254151801
323697
335958353409
3763692210
21995905442
357183449
463557
5286270387842736
137353438184
91304
3205672
427353798
67515985277715209
37724
5818594
1507723191
932697166242533
53946734071
269174203
99112999
29406383137674
686861445949897110
654060873555
45627662471
735555813533
27202
984743412
979907179047
2900956887686725
415662731925
95048137095615
98378966957409
9449755103333192
5507029
7060297346
120835101070
57766903270503725
52685
9158715869
8472666
9057925959337
186358
8256732648855591
27281371925030040
47025080
423684988
51310484540973670
2606585834766
5544832324263
79613770272820125
53911566799
4145677
23900699
9351319867173
534388731777
50199021098
8194236117
41923767300139747
3871224000793146
9423427347586
16572380702
52843646949849429
73024806524737
5449553900
40365681242148710
154782620451
611757282084
23190920
58421403441
445545598152176
359990526027959718
6923719378
2520925486675
918597695
311594406359
7424872735
354977
521717018405108018
388423763348643866
94836740804
5700257004
5388733503499808
50189995
883334470929
855888492239290
10999219975
636198185
801051356
63746
386304802732177
39025012737876
2727100731282
29117
34742497574771158
71170700590998
110178496848445
7640052659017
50975990
54135776023999281
850950079118712425
8303091868614
13314893384724
160621524208632
8222502423
335379062879370
61130239973
754322
59739029855195232
113368354814
6788807571079316
3564606
227782153750939971
358727
1308764718263313
61959696893055103
966151
692194596096466
3207927592476
215421001080405653
884146960190324
1505880657968
184322
4388762834
69610
78700696
2694658
895932819537794869
6436216117693026
42951901455763245
7691923694045086
8064545109748341
8496306556269108
62393201222829
589465483781
223254715819286538
63571
115820597
36662093178164
66929
509128
138752549918505464
261294875
745907634062484871
743030732
14057
38147013294978781
9543725477
36328783
74502690861
9063616355671499
865608307580939
5554849943
1563072323849972
4371091
9924866725
842608397
178632934
872404494665
9048845
241558652600457768
210017677727911
8196643417
52473069730293813
4688166072718
404154831927067940
916850243808538034
36957829950367443
47161884949
2639361095654
13396
154161928111872563
271846611
46512036713632381
4553574735064695
44754696310
36134935012336
596398075531
265946910000893
79894858689689809
5745873
84163
556253034
75679332155822316
305685244057964
18744743867
14821003541722172
626546304763202
140274068160927
8110257779276982
7848626
178892132797743
531138720969110528
591761369
3020633266479889
50664440087
4183702881919755
140446352098409172
43663
81504641722015433
12956
78411175002593764
624466422
599911522344
6373089808996781
6229730715
34405312730951
587085136051981
696976
2837473184392
95548081273
32916439528365
71961821
4573077537992115
47497
15808500555974736
2487492057
891790680401526943
79626189520719
4999858
5639913411
63105958196144
75519
2622650240
244759074758
35822308
474419
2673298000
43693
22488779
612267838268
697097249972998
74395
98966791956378231
7463328979
5274980469666
7701511866
741732288123
866074623296
4701745988423
7820767572
79317867
88742947206008
96850215052721
45406
8089811
70321125497
851237
70073
160428615287513
8641462017356
90402
98910757504
4114327
648992081885616
8214564
7416332315153
155117903159113
375746816
14498259799
56390570814174516
581008081
6818524229
7203509669077
459764752
135068591452970
96966829766333
8505689
171321168627232
58926
31359256047
212823
9224588132
60690770932025244
39819578758
45584337580
271187011571269628
672952578
19413762
6197691155337251
56671720662755
91066
4335030773
568007268831798
4011136694646
5433513
5827995468015
8102677456838
6123365
744432791572
37095303838792831
1336027092794792
667950519989558
312626380
20179100
54692355765201
3634197638
330235900944625
1973988365263
26563609454758503
660839
660804420106496831
4269237820
809190534222720659
9292789362
46114
1103720038
83865
1061332752
511176361436
5764025916
64855296635006164
349990388219327
46398
5619046240
415746273372
4970324409813317
153655303887
7529189928129958
210741085
101432810678
5085542
8893611
6241480980914
999648719242269293
30165930012
8168212580375
2566452
972799642769394113
99785593
638519
758580544
17311710268261105
552832298784
1660651473589474
4100590131690191
470082046011758
76161968
8201954461085657
148717559494
94702728
20383720
49143228072527686
947569965665053087
15676872238437898
2721075
7297128800838
9550950
76683542
842062918756
5858449151
8283345343358902
804721743
35072754155800
133625971921195621
40303112601341
7591555
85023
564949191
508514345513495155
73929
8541761284
121773
62686092598
405441079
5949400656047
98531842123593802
202106405
9311626424892196
94372781
7486940
726626527495279116
45526040930649
317947372
134517884
2353174640503774
267436044925680310
4128963
4969032
718348213784407195
557608832716448454
5340661
973272
437136282
2329962717
800684
13942460884
71288145
970955
60026674321826
7195139680772
501923
6533545139
231623
43974781
80316991
7139790788919532
2911428
8741916848
5745068221423883
1496063141172
92415148855043
3814170094
