6835558244884611
285279513181
99515762235121
38167512939351
54857
348499966
57524431147
568402
33179469520063
2013292732115910
5275693515
5748097700468010
754553318
2874590625
3480613
298049138931510795
732722522439
94049909
464173797828671
424315832807
7770317
69833772
25155844180260231
448911
137879775843
837129
49841805628674
21048842537
9963904678699680
5445000386
800355822
26215184
65078264
38536369582760395
426714804
8474506551171
5549274
4110461
67906
96914487
17638210465335033
80563
4117037226
6900385
626441241157153
69147928302076
756125733045
381019124
77192851166105
6097286930
89591887341698476
63539835259
5760967147
37232334827451458
9228683337
13563695963395720
995537670216
209283137690568
45263
2643910
24165253572104
9851487452089
5195864726
9766774436363
39849671692311417
773509979497369
650415
66074400377
140454459436
263212066
870686725485419
592503238437518
8069033217
1527623295
76836713715627
475977788
42999
208878018
7657416571078
59142
65232292
689300
8484585209195240
30807709321417
8196265
36382065
53055599740576
709805631521
837395682971258
70316018566285417
846571348087227
2528275660731133
8291096494778165
2442012
69402
56444558926
74524773183801
8376839432655
17077305
33095354383
417931
43923
17204273232
933775726
3695364585014
8327948076
545351
67655881285
1917661
420030
65043823
8116754
3807542518
399917
291009091
267852334687
18329
22409492983046
6940900544
83748
8892570013685543
2593086435
165629290939757
27331662584
52813363954905193
50313402
87723
873591337
9042273559892
4064598187715198
13537998
3691925
2738745056451
1070257519
84191220361879323
4713590678677304
694800053
9934050053453096
5423956912871
392319553399470483
5543969150
54784908
21701
53415192
5620761818210
362098054
99260857770867
366563664
966909
5944488941
367663360319599505
9285095122677547
3593217
50938716
51698568814795
879686345884989
226719374
500996
7328190909489124
344959350341
9235377626
97617
91983
89760
8974369400851879
3878203
988895612028829
839811548653
8118907
885672654
3962964787
1404922878
72161899
38967076694896577
8976042134
909105408
1570634345873880
66364042136132
9378347575
77926
111863153
69155524
9710103140
27789795964013
5276441499008
59902534148110
1263586214720015
9127146469352107
99944769918
961790525888715788
215422155747
687443309
559864
599808
671786639045
90367605
989886
50437
83185713
681321458222565585
9674356311088
21287362885
319123112439
90795137556633102
3492736
455975915958
257436
894007080
7355596
8439388429
42474
57049128909
560883910335386596
19691983
93496790
15071952980415410
312460
78153
590317232594489100
680157059
222728
928489828
2364384364
634855066155
2946782136579
16226645156512755
44841
156687503273746484
263120696174418
15720739467600459
23946677
907815587337
52025
276349404776
15786281625020924
492290128467596
9975451
5528177851
951387
22283267021
676013
28012
6068022
130857
2682403069178844
138439
58865650
97697052954
65022862312517308
1099086
48231029924203009
4274013317
553334577072
711419045878
8914055443605
1889071015133
8837895562
103099058
6259901098080201
78963852
853865635
2119616679115621
2654030179256
30436263275095
2128774535263
51684351
74591236663
395645
293063401327363
862466
2009474778
25896978
3026435218
804821044331
347982
532768238287487
936323359380402097
35996533
77696026611488156
25911303386
629902
51955
53335
184051
1733517979514
7978273
249317146876
9190902233263
4415292385981
48895444620
785553945554
482108203418997
141569
889753128520548
603006386707160788
865804578286182
748289735076155
1402159049
432689573431694147
923321
258070
308517167
2727564
64448015071243
24924
492607648569
458906326935816
35829459892
440894035080476
862630013336793619
78204804717233872
188135448
4795286358615048
616949
8947955822633
4252042816123
238952661793
884751
6980520002747
345357171917
621502749
855335453752039
56241772568
2375588611749
396035514473942470
953632662514351126
102381824235
80742294978
96610
595544
16289284
243597098
54687918384971507
1285081576273
97317922500174
5638580063
8576102143925160
61122574187
468283892325487182
83644750
67200485
64468
255875402811508
7034201263394403
420536364485874704
6403003975555
652050532
964160
4615500898
85893217579
110876487089278948
67732
879281647742
56969
470834
236828567998745861
246297222
9166490197
22907
6640688575293
7439416
251088335
24752031861
348328835459133540
6767717645
4769756716845
474089735900041461
743116381607277
6169289596055691
7745480691276764
942818429905
8348470
353450458787
806180259297
2181899777794
52523024201534926
3790461439217634
87887808899824
1648187062869
1626402740467
7612214409745508
629762358224883331
208097
12804235102
89389319
890813390188335923
5299558484826828
43930911
86882731750607936
30216873337602377
3241145918848
12921516585834
38455042086233658
69280
374596321
392209499561521
153832210
66348134731
876073145300355620
141219562
584921
16490460003700301
99647328689074174
12731860
2678772614174
7814791250784836
58266945
384454
94558226532712
1673567
8959473883
2220293
441244
192427
3524103184071
80823
5802324238527
794937093238222
6150937459
3524613492
140391574536
95056859
574242117056
51089044812608
303810547998
7305366007630854
5224524
4302965692
59601873
90530
60488769730
5895334722
3593904810922589
216449
92259400731
14304179301148
8784637
73540
17614680
48684095
4300276780674240
3001067022031335
494201817572461
9202765
39127705650924
57454899157662693
54346683254234382
7262740891932880
9206999781507906
2028736011616042
4269033185102136
582737321549
1648791359640
8635520177
8047214018196
8583389162
9378832270065195
64265616732
75272
5374640832489
1297735973
2465206696171
3938391482565266
8857905809753867
5796501
176498578
1227897266873
33743789
9860297513869
96957306916
8472174136815281
18975331718175
6450875726034
317526798797566
5830458047491
578951877
7070764
43599226438
635882512744389381
97216157122989577
6439967338082
12902809761771
60879246383091756
2360816262
384615
66950
44623314313273607
19520904048
3162668
34878
26839514684
648384267031006471
50779
528009989
86475644149865233
546436
85223211366
2548814951
820068
33347
11276771
960910687504
81788
28652031354998
5051701
3298325351477
39086110
418015321901
2006128577
91885767
377165531079518042
170194777969
22839991388245
42984775840
8518773458
7418889
69908372503576454
555341531025222584
982252268773138827
296994025693599
71197748149
481104992231093
696301942119677693
54684
58588833856346
903668957
76509135446047
7118056083
60781126467
968864036632250
80564169506573456
73709361
55718044295526
1158301367
232670570016380
225139844
7103654
83332632
302996398741756
7661176568550705
770026
596154564761611
51184
123065650650175877
12554
38387024179
9774740247983864
24133236382098752
66970132599
49338010030930
59008977932956345
31176860
1854753102
4133726
1352340
2118629192905877
291592500487865210
37549
873647220650
275684554853336435
633614799
326054726515754
112374619304047
48525596
774081873928955683
702002039592
1723091381468618
78857
792782751
55596
129160617680
732008798793
6945996619410148
196721552438483
2292560
643373872
19330574
958285374190166
151315217
92924625341011231
163063037135
7008098878
3931346188479765
9388721780254
82092
8730775472494226
239314561708
132571
7703613
23103320
708573010536
9243195785
5727075458813387
242171330536
1377980725
4668504224928427
89329232526
8938883574637
543143010862053559
941929031761897607
842026358
680748224141
42600614241
34730311265
15971
84751
5900986512
19026547373
64161
43018461144598
2360495204499
547058
94673773896417792
5926206
54389797476940
3100225
151596490991
298611009763
280084
91108846823640412
393036180414178
616434701741737
411532772655
437810389
93739
84434704
8854110739120960
7353710177
20021334428205
643875275
88897596
62988605
816594825496
850034733
762396084
4909073706216178
336100504847119
85770622149
2926798
40499820802
6386980517621910
9335161647
58740317452
61676770
6796017
93371621271345244
2911204036598547
3536267332634684
57436462
931017289931235701
14978
77969495694
36299153882
71981825792312
16280696408254
3372804
1167356
6390980
99484
951003501398
99431
709124
947704998862
6081905734743513
33900902917950
1952320073902667
15818524239
72156084
62867359
4314017336
43428992
245514233
677771546495
33939794
5187166
84860052360072905
60183
57656
790896869792316921
69232680815573851
688758351957950
57138053
64691098509595
747167013602
2660614983
2822866
58226225
869257
96993234652182655
23661681003887945
1964930
14550288322989381
94847824482511555
575757440481659221
40727661461472
3706269137442
45498819875
55204444659437
99885255616580
799105766
217633775905
73117930
8510520793429
59508777319381
9534249443168827
185294
37318197013
94876259181367440
684625607
8798580361
556242620
458812642873517
13745
26595167410
58207037853065016
855412038389602
3906078
39266543524586
78246717509
429037
12468956441961
55087097314
26772971754981
8204495646
604549
668303240
7335558182463212
3889754698367
352016326133763
5859156078152852
783775
72162
145154863
9452223
5471426121918
44987015
122422865
102279581
15936394
825221782356633897
312518192229427
62596037
20764148943119
5140522947
69681483
4510446255562565
813006082753
82074713
8477517
493075263507
701582299943169651
45862851028587776
73973492
847475865
68220558
6346555
532329277
743886
383507187
5979691
762395123946613
15739
3294252631
21211871811
71720328547824
858580775531900141
68504198
836635969955898
60376925006160009
8549020500
931255866654482
4608207143330487
58247856
8534195
93688932962
93745
1102721680279652
711387
43868
95413987919
5531029648
463801620063
804744054876
128654063
44292
312993208128798
5029631
30629
152472480951621976
981563
6346988700
1386335
20062750872733671
836067669177533
8231110568
9422570988348
9720156
47476210154119381
41294
773913540867281
3922138463348751
194033
4385398610284350
38523581
40290449
901377017093
785224691564258
864025580958182555
39203
3142025283
6962285718935
501795
750952103532823
399612251623309
9516282816
601741928
35813808
233177936525716
9307793
884617292222
4410675147
84219983
278216549176835058
40028360709
2679388074
13986066685400
378569
594979149
473244136931
572065251811982
6985032
914807751303870375
2922989887
206337976
3005095
522124617333815408
98806916178139
629883514116
153459368153360657
167633115352364
466783423467710
7956631
822047931213882633
45077321
2011074668793
64112443
91338571583972
265815227
31742951460
5816225
99728217085277
40228750665223047
6084066076
91862355
300788192857
543163593509852458
963513421
862136968807
526207823879206403
85661294592213
636963490623808
1535267278769
7245421661
12378936497743
68672333629
8338536
8676282416189
30709237581
6358689035
71471118
710534
9572656813
815447908229007923
49498479844004
8814522
2740030936296924
344081319
6980352141
78158789
228502658
81381832
287443407940869593
70476905
723340478
18373255838283772
4324243613242748
50482
58222
722441
271457882303524
42030
992958347
315684374058319865
718622
330258
220693
27817971449122346
17669492081683879
37986836792
35457240
970262571
297664766
80234847
3324274233239
145408600
5776641
4986348
1978638277422
49024
9964678033147
75232378
4840853336692
6688757292946795
1338051824
186743
660100211
22271393985640
159313334
46912960107
3961041502608603
1610350857
22172
26923555633
263767254757464
42534866546716216
34457240524473
711605808338
595776037517
6530880126346522
324504
982186586349532664
9500802260878342
896862407937149
942113609267822245
47335783
35171081433159
3435759614492
79451868118364228
9564586
396559555146
613877
1228720
63540
3230994824
60703965916510458
374967030558
93232144
21863991215664
623860447302
5632866316655
97206873139
590199836
4122834294298
7447717729867154
60190
825604
469368011305191383
890480356
47776
5317903
2755036688812908
2537117
119625541
132681042694913
39630
3143882793029
3483669562
8968071847
20014
581472690412940
8892812244
39095
791627
808250324324
786022007519942
2584895256600
389134355393
403659460
48984089731298832
265172001444
6652794018647276
894817272875946550
63693808533
83727943318853741
8667546939973
42530115559875675
198568608
2018554
4828659
853327
17314792937094650
882899299870032
65892742098104
7842133712
6995261124596
54854
709257768919248
44586764746437349
488911
40024750058804
43283
55903547330801
73643
21529302929072
5141076732680516
538876573443688
177693759395561
4257425461726
8193584529
606248739433
21819664
61930
20309656
49173614032366722
54983193622182
416490250122525173
71003
7284053964
80564
323735764571
69238187602235
95050138
95275962377
61722442
4886904513
3044131523
37802344655311956
420874688409992803
21636983925
95433709
43064218553
52290957
688807071072429157
88624017
29986824641015118
37000325928
801177954522
272750206033067
76016636
559262224479
77439009035
94033
70628845323558213
8376958
4873459545234545
4764038904803
2299329101557
6893976
4360228108829619
7349110625091
82564587559286
55044831
78753200543902999
1767906
454463723
97380
7546338
126635770825379644
56759
1961854174655
728748367330
467671506935167109
481598878
1096640
19925928518
6875855
939780494843086253
5218792
245478
9048718
96769
482369668027459
3763515659
491811907252027003
213556801583243
917590567500718444
7277176
46205085
3119374725753
994798492557
355230956669618881
8921831406
131809047122601
4965965889075130
50011692199816697
96375777952595
93621071487
9011368
721135
3722130997
1086546209081
23112331845
825257966500224495
856373163861736
77004818523
227975
18071642564678833
5357869259702572
99416072864
70955266536
106101383
381146102260
4475204
931516181105449614
182153
6180211265
36863849
5105396326
7452665169667
49859031316
7444459094367196
486573632
83259426
29102
676951548
7202594035
63530
805521878
856255136719
2760128
9778435185081
484236
945154524
47113628
656233244397
5268941
727003925666217
4151858788
634283210837
507970481509
18914305970
37990
88687079879526
91142
491320463
95134
8187810358
555784709609715
32171
21715023
86525722
47504618932899147
58934
861470913816635
286464854780447189
99916113
851420454668812540
28816256590687
316736433559558344
47055663180162272
438469906
873840568944919409
525083753156494
984048
13489714847833
994331278234486473
2045661
359586887
9834087446
59764791289
2442670887
340226922729078
667793707301539
382133127
4286431601
5851192667943
981988661545
5557989807
22113913
3425324
25808
371993776313860
44180
501545605
478034692
27871981443508837
955915099330510
4354772503
43143212764054844
62292457674478
47461625
4476540860
1576044
749011
32068697592
441381045876
253453487516
8392596207
3320237513
95880
1167315
5965841804144
398221
8781073850
569324697473
13315220139729440
106800997997
2750433
215156254
79172565
6076780
586399574
7247560112531
529617
546723563
39370204689
101015143
60578470410
84517245422
6206872418
54662976062
1184872
426921681
5599518081992
361165
89642180154977110
75160849143832620
465331438225056149
19484157330840361
89550465155093
860190630869980217
901039
31449089802266688
331540227682969198
70722617
18193246458
25275725386149104
79783351759174940
636254
40797365
798473152
1801395
69707027473230
367471
8840245898
114542
253556238412
921467899305872
2362012892159480
6428699
7571779381
171197217624690
4051487953669528
6147751
2814529963
15880474
9052646555218509
963744142628037
86476368087159
13204731870280391
76172081976798488
78223494845797274
961110
602580926937
807519843087
319701266549725
22881167503024
685551396401
420919648735503390
630586492236218
232054457827787
7640043316
110106512
21546999575
51335611528508
636233945386617106
7820495181800651
2741228
48760912
835551666102
596051402124855014
54566331761221
43499767543
672685334
35394154831075838
53006082398
73415892334
5815678
4620169540758432
7706925370
92474544
5801944849
52698416136
3992821105
59379062
886454603659
8896266648
4015285817090
254084797744525
8660398094417607
54807
8107436
82440734015386311
895446597551
22361594
890986777
501649321694157
84205816335653
844079342711631
38643839994
6681728026
18376910380
347424387483528641
6650741453
4412432
8690135145289
8220684
325769843766853
72181197651357994
876582477206024
463947714548402
588527750636602
5045544
8617533551871
656892117394
6009809195858335
40224921572511
4522668888
532127026600901761
59323976979724826
92552106
6856298149287
902231335433028379
46865874
15503121487
3615796904967
81284
4659187
106105886543131193
454293325970261314
882644239475527
1258470895
7755988
62223106927723776
26931941371
711518459856
3938223779
302446331577101958
265343754
287795553
848362825419721
626686499196
756458
1123340332299554
416732164013693
199034
181370217863984
15143625491
391022497005566145
18128864641
329432
384048
848859166578325960
97559288325460896
104430
23764535
30380673441192
3332974
9300707300863
639274
6880869153995138
330091851425386139
9683268
17507545650998
9449926498420
635844523239
34886292635402011
331954428
451405
21335197648032865
44907859312979
2794472662057231
21536
66203756257
956903769757045
28612080
1256681438
48565277533
596615178734017
75448
5355982
24956406
33649094696051
846308642
658254
861344
419983757090
3114331426816
385587551863055020
60789583518
94758598
46434699454979
8429405645334605
1553091100767176
87034224397643253
931189560279777
298147
2881578851876
92341
65124169049392641
907319375229148
992902605
7700668266477816
6435313493566
223591
628952
64608065133
26789771364017
185226
22824046726
2555655
1906482034
63011558110121790
85474080309156686
8897352
7519558336
200168
649966885039263
816754870
17008024129
20839914
469617221
857608844564037846
7291596286580
37162
4688806991617092
797910627129876
957280715544370935
7161204799428417
327887186444908128
75052066812520039
30519231732234
38050
48583882981889
128755806
75842535498829223
84591
437305
250540
228265020383
3362282026654770
134591153188
15357877820464799
43489950465089375
28060908466
15581355
5360673768436
83033621853
2830265738
444222556494
514738199831649563
45404871050012950
15506
8179944756
73981219744004
60193079
5296370
55455456177
66707726731
677680981823
39937
53825
408341346984283224
7408629
153755913
927541534190708
35346287690801491
2101266566
69223476844
520238788618
614464579
98417810970427
87300
16504
48690
19659928198
394054495
9585992480103779
141846815
230901201
825663
2967506522
829365104574
7881060715
450743982668260610
63297439106
67721
242437039046953
61609
94415271088
686193909
808053197542974
409294622651231
5697137409
63731048957527
1828356784538
58350436351011402
576028991830030656
636635314109529
5998099380421258
366032426091818142
112917771977
74747352043430
4517925955989919
13896454476957428
867708356882826486
62604089981
40601239453
5982864720563564
486763135314
369420901070694092
9946459050074557
2409756207704
83464136014791436
68024572259804
18114246092220
968357
74136591603
656319870191
4737459696
871469
3459766778
8246114287
802743901808
38652804299904
6265855
25338
48117
7068067
7424107052173171
823013291
477570
78990
655772942847
773333839563
646658405213
64989
6321652
38415464832535
546556
823941959254
88559267
102390928331656
37424075
2216323537901844
3270299249
86256
474417831179
4506135437638490
1932769329431
1797044858
46742217687
9687182348479769
65788262737149242
10269
374012148864001
206344
4314907636340
502762
570286449104284
70499515856409
87919
7583767057
876717
802661607402088
548880416785206133
8365097
1382985521
244000295976
1304108876
51731327724
383897713
92278824377527493
241167
6340902
157761
3329636022026143
628599091531
423257397
349572915331470161
2933937660
18089566224158267
67293
323217576449346415
10819
855822139
662635277760318
62589
705530550375
4092073132435
9060060
1534808
40294092097
685399546
8794755715127
30851918562222140
16078799142096
606947753903549
62812163455
9407652027111686
4273706518205520
18307260060
714545
8733609682
150182727645715836
825942291887092
725097268
821694543859
21844555767
3095236
24308110
76084572516887
47493157612
2272140274
884996470811721417
929265910004928
95418926458
79378
1377772061297742
22862
80495807002098355
711391843786766950
179492657981
46726196359
48805
61610
754269714393
60436
14501486224770650
4712811180967
29189198207
12074871777
818809083544
7098782606346063
40264746653594654
35567736
98411139265
35080502025871
8499847180613
92819703309989548
5164086013885591
9612309242333492
8333571
55188017
7044767249004072
9170070515
94761338
33325
28436344580058
460451488112527
3599578
4950410133
497236158
5033932480
87032270841475292
332582674510283220
9202047645
226693
262584
7883820144291
79453533812707594
30335296999548651
2853249455720
919788822504593
39326416869017
8580036611
613840138257373
66773194394037869
393102190210566169
27188425079250647
159445
3685108727368384
4990717450719296
534320271752000
52576748685016536
272634
772039242
6397075
4809141050106914
56145891
151291
82953800290955226
86067867
70039558739847612
807006180
5093887
833480
88328
4669042826061
70923236101972
199989
14429281763202999
53309389
6950121772
7334199
87981205889290350
26879962595
136837162811227669
103696114070698457
2780976
566006745770744816
4070177511
64736279
720961472903
52435067738
51540058978814
735948578
66591
8089805883502467
234468918
32383829600
949434
3261506883965417
49681
62568
1475024459
51540157501
775222
12756755
202115511163325786
333543288500
575695621540426
11438232241652
6931573
16278346928119785
4997579697137831
909145
862996442102312839
56450003
865794341912806
73787248584
636735488899
76077
73760821650
98714750038400
583105804
6440872065
7387301
8233628221
7336200321823997
2319128938590
402009
70816
428624790828076560
208561692268724153
410867193782884687
119596
763709
9492371779153
397458276907339028
3638758213
44468
459089214415
38341386526
76511
2060884
562941
58282
80977982474948
69221145929090
487222579016649
334271394072237
8403103922607840
931617685484
428206247115299
46642162
59959473432
61885181
48699366
59250104308310045
63942938129666569
421637846773
70570812
966340274126
30365904595765
399049
272541
7244053771786
242199075612118508
703511
793727152229
40830416458570390
2363828728232627
1809155
83461716
2014208779625
92006308026846927
5139758298009
84599586439808
72155
587874888119
2571561
47306563102064
116845134422828757
461548072140
560926231195530227
8817043
816477023
4013113
662658434004472
19279146
39654272123167
695865926069133451
4638020
208386
7303348
91511318626
6388135
62924
573984148
938841
824580334830003635
9613038774
52547068506
942497811669099536
3020341
1562375701
20552982
126528542343
1310723276
47429071113271
4770526
849196395099
878829083454527975
48335829
314631898050
2498276021
7548991429233547
1430921964
752500261301
199701249149418
6015800436
444931443788
203844810563957
83029
961647657548692
69657913
506139
835327139649377
8672240483
865829230409075
28705624622
43182747
413057
50655418304505
7089159617110044
3196597541
9124882103298723
1697925316064821
172791418622184
4025089553434
5115494427
78468469092
148124172985
5388652
3501236975
92829490058119550
508883
88008772933675
7170272
600258
663871080983
624788606
36814361
1382868166
1798051777872
9726540865377
98833341
2297488479
41581123284
501542558262717247
88958925453
41629164
7224530454921
231970
319189650257468572
550975844421867791
95200
11751772308163
55899
413415094341646319
3673662434012388
6791105332936427
847230
234021650276
3675201506
2537946590
1015347
634573
476045336892954117
40752979654
98964
829692587835135
491962507
89470
282277
3583491339262
471199091942503
53496
46383183
714223857019994947
9718202729529
681868
8656681670233876
20454794406
69780013639787
4797588562
31039262482
5202697504918
8790686
965435892052
409448691
3389905
647028770853
19083999
58264505857
908646874168653
95093844772978
49854165453
928532277311
995785178953700
96878498
9957399534980
94414229188
40926029084
199301482
304088761989
9401819245
2579003946216
1114852415
2490547319306395
32121510470068605
946484
9826898
7299321882658
6662212146876
23986630173423178
5612824090
7718099729
16960967889
899449540761
76773103591
19404167330
57912843
9692551396784369
244281998960491203
155350710469
817299857651419
3158363
956515
160909447
57267
335585478787417
671344442887046658
379552549320
244292205593835
2730535
694134027070
424598
692216
766849
3019659264
66408768459
464645686210724
51235
30247
135996868543724733
546614437811814513
571071556308543897
41569881571672834
94926906643
50925770
85557
4686172338245006
43772466418969
23012
8995386461
718267
375530811873917667
75908605938494
320359787
774698
6451288
133088733408786749
95818
70157291356085
459367
22131395
402794370
6084815
3558708
84937612793
1128619557364
2144069
6213281873392
53317
6039384
251592202758476
87357148325416
140933155
77410742580675
5892470
60860444591393703
49089363111
6517677089001146
1294380116528
29795430
191082
37396624
503150
605184
9153061333
98996431028832014
95685249443861572
732040234
55486
9920624639
97621
2762297925086
795087580188705072
579079102577317151
43819956
66889
346564
9542218900731507
9610234455865860
5340106867099
960433919
13196
198276115543759
2532018704
477193485609380767
3884176168
2416134
41741848547568172
29329448935585
93490018
13978
673127742024710
2918315124783028
204732276595
87593652353937859
454883920101997135
68826957262588373
683325865895487
55017162575528900
74160530882
464451335998662791
292216277
2733322277092408
38613990410327
3536098
719173888833877
91121
122400504
184915862174085
30428861428
29735
587516057319300
575506433396030723
428408
462064238135516
6787789902
63350181577
1587295
7320932425297
34476
422333
7528563213
97830
64756805830640
721301622373118
3582549
599857986
658973884897
38356215515656393
868108475261339
51186795122
20992627802
112753684
638877
136874241302
81731649574602
9809754029
5483979048076
688256791691010087
8114842134834
279530
4202319508501695
4918190885773
2321505
6829926462713
525418148
5027841
938584
7474810
407543409566
7004906
838096528
9114787760918
46420771078279
1378966913
60581659292455456
47277811
704207741372315
85854001006
435937827
4051158916873702
94285795104682
42625705
245692999
871386973614587439
5282723882
863186913
7926232
360609978687
655854
64869778022122529
16274910709414760
62968
314127785212844821
183365715508910846
36375039258
226443226070183889
771253651150
577859433908845202
568505515378459274
45780514150197
967874
460367380295416213
81929488784
884903430607221456
1828067926336
4033145749115
3721111
295472
4943525368671
7285255755987
5270190202644246
98369
5196890697244
3770386913750
36568864162844599
783585
5130233
38765
843964775
746716992888351
776521925927
6843818283
546230065
31418102083165271
38630183
793214152
8644080489660
7737458633906
13938634548
81206821661046750
687520
11156976403206
65135
11218414
88428106369
997885868520
2566990753
680762245418136680
625955694
756486499
3642447
8123699741
60873
77986599329
16039002
67237499083273
18662
69830975912
836744819443624
3572803203
4022896630
3657785599583
11037459200833890
438970862678
5389099496
52422840839
35982651
31054966
3727455935189241
6034654969
5586217133222753
6416600322536
903305785
66940207819115822
772169776003419
78197318674
339033
99920
5163422225427627
1932852
8111536660018
2277374292172102
7337643063
130637023
8079860299047
666235624
12314692881
5055074480697
7078194055
45195
5170286
93053170570297
4146157129776
7684758102947
19866342036
15506900645066
81384631
7441567890710266
665677879411985648
869573371
309843
37614252
658451
6296625210201432
10718426279
10268360
84316134823
8677877514140
37472068803676783
25963839877106
569273545434396327
437020680
7752024
408108805
4359035342220
8227764
17276
42510954218945
978705318769780269
15405
438946029737580763
679757376
85694155
21890898543302
450655
605773340305978
43409100683572827
435714953681
10723
649944624845761
64568
948037361510347660
6903742
17535202348937512
171845800711
9265427101645975
4054377209244
97396199851073
39083785611047
77319
88232748571
881856
190796859986
58577192700
2590639350788979
301333119662998
8060417847665653
170716821884309
62405255
50337
198463137067793
46287988275
30565
7354019797
390240774829330
8014829968626
72334108850265589
40566743827610
480516
1920497973906452
610889018
280169671
953513318
204987766477851
42847046303869199
7907692042
25046195114011899
1586529
561068
1376547512756016
748262
55325005
4024729771363788
12674138
57150398
105552904932
822999536762
248748149132
87814738941660
8005474058610
778094431776321
643053432555
74738
389047603699521745
87836438428
5401260260
39267483
7329763628129
44519
970846363
390188225849394359
65829
8632094030925
4910011327506512
790491495939296497
346182410975
9710605613831238
10414297663
117978374794
28051814016695381
98694552
10421338274
71028781472
365530226
1727002470322
404732290866318236
46520864
63160
1680529914539
82430397772632
846718680712279
66833705117790
89151165529367249
92614129
78062705299
417102145275002
29182351642017364
18729569
180689
35363784608356283
984414
77992570657
28714804414471
30189525819652393
28617764758
8071218891291592
1017699
77423275
17284
90264607052499508
1202570120011917
77915702954710306
4492976832
965277944001
87996281313623
9861851272740
65692802
834050042389
87325861481786
787762
982583698394131
294461
352614071164128101
36279539
510716265
37086
76770592486
62062681661505173
34505348110684697
84698640
681696
31373075761336832
8471020445412513
516346161900
512454679049492
6356743869707969
741667731905343
98101767287564203
86928060
69147857758819
55629
40405
59928909957870
56077479700
458158019
172686236810065676
7809305923666252
3047817
557785639749822
18893694589
76085984193535554
261350710
459154772
6005939125
151856338529883
923060
69615035072
8673406843
571988504
4326714462338098
524950869973
123846996590741
832388355559293256
3228752
721045174
56996175255851357
436758
91209835
496579962331
231083764527012
6000441
748828528210
92131925894
80457761
555181440005559532
871100935
43983200240618
178252063740
269846173810221
932687475085821057
74359109109
8476080
4518693110720
9524900438276
76748200
5781542287960644
22899120109
76946782838212
97356486533532
68469144550
66127917
6591034219953
71679962926607
1813506
69794
2530741
78779311180
605949107105216
9203967643622351
822351955444170057
532919788865477
6358147
451377
790627041283039502
530897
49722060189806505
540738573669195989
469364171396483103
90092544752511398
51770176166057
70479203107418
9142934508206
4593453614730
14265963360533
4752643
190335631
367390906389555
312121621486
18728377155277
948282387937
7031776011086705
47687
7590470032342
23056446765570
736809102514
5599857226794
828392425353010284
7250051089
96812
982235868083373
2153638967
2833855007563646
12944587110
355198056
60766145
65791933
209002
27320618855
470613
43545306
818427016
4650142575
2468771336137
86601948
23844675911
27597558904522
786921
7130064984256
4552131674136
3713951824
4338955519158
39523079629880520
94187
185604630
59078
24275547
78359207722949
848330397101688061
57667089
10647338
1121542
841652455228098395
9559399563142009
3665996287446390
408119
7051308
649310
90756388933644236
777465788717
8075786142351
464529717
62008883274
46535975
573206400706
741952637903701911
532838851627
631630645556008361
9810647751328834
36469362342732582
2912211
9709474423914024
17933091
59334700489025
2447909189157
3785789984563456
63991760270
872042
3283008290906
19787128077267
58511
3084463922397855
871733754548566
700819
56872682462
316499
93612880
7806110482743313
465248057191192
2589174301
3054850
7685963406
44134902202529
7508827222
659714798513398356
58113495
557608355
7319379278835815
41662275256564
654606
9936369581
535598
334717363345459422
70521680085907311
295639
58254936
30099699177
1676016
54791
63873311788
755376906707694
5836506292706
59398012219302
3185300
6166715654774
222962808
509198378
607178497683
27604740
247258805204026852
35342997
59877030000651684
13274203241
95508215481107926
4116277
13394711155170090
817373
342114
14076935217
4555529
37790874389
3610611116
3364740563581
58621310553
7383500369062703
29160
715184141750308802
13119581440710764
88860685
249182126058038158
1629886939
107478736
719759111
8422484661654
568808410
49816059
523165843957901
390983817
208506
906402317658057
913485943158326
50802712
106437447606589
43734594698748
22375025485547
646555035
31113093
3548897649663
132191343576802170
92423251019
1061124240
935983332
9002561
593570934130039267
448348117
102759179140360088
36838316298746054
48624909801528
280770263055072156
215270598595
444753449648
63425845039
48778807
208992
70257911491648
74753
7002226
9480763468237787
8415687003
5933424941997776
406515853788835492
842408661
856540949740040485
81805985
3123746
156456721042181034
67796798379
280024951529030596
56850
743143
11404
5509430741370497
4977548153349617
551191429261
9048993921
102632890117
3547504
182534828438323861
3910996737430248
4072000297840563
56216333996
325853896
39455407899051192
49337370740121558
2816073673854
7946148533272
303951
97695368211
813020381537901
777981133695882590
291697400422
566021443326295
12397
6574780539055
49887
631395058056
149017462116841
48458419
686344347085329278
502106990784403889
729884982148902242
5047354978
1948631
43355910507
880694160223143
4260512832624061
8828905673
1458862
3893920606065984
856035842473936
1334099
216962344149357
484933108343
37145998377932500
360934098481
527005
7264165398284
39688236666258273
2416577495511
6378314157686585
22798776
263336
5843802
20069
2925068
84214086369919
26563329700527273
611862601753
25664349742508
28901
3248665
912124338991
3356136996
81310
769053494246038
41075215339
5078150052789566
92469572286
118182
8192513582655803
927974102
936119347666923026
3634847411468
7739827216961
89787787317804
66302601888
745790307
3867954658388
69113037566
878234660068696001
185539
84902871
729560823249275
23215523990031076
3546784141
2068004275
21698042847159
43601973416334
9365279
786455
952129367407065701
9818171572686
53053243386
505955693
7210050166170
863916
2883403563376853
33816343
9950383976233082
699996923967
21622415224
28773344190685207
65315438220
151790329048363738
217234312090
893894
88158933893618584
6196706
98873133505931
165991689316
913087
1470734723850770
1401898319
409624
989084399
12236819550
111879646767641
96032
89930538294615119
852340825953563
3222217
601455582847122019
10231681
8643766958753867
746036
492924422
4516100
305001835092
55397103713703680
947234
790693723
553192437051794782
92668506219662224
192798876781
78073532517
54156
13027051042509160
74543325595728880
491597494304823796
9040301107906503
216480582
833598
763180725879
2018483312851088
22752673924137306
81184397
238480089452
275672552596008
7209711838638
85319344
5575659
103846193926182
841629095140397
5780630148472618
60462663
843528
47611129788160
36108233856123
77251096290
267846341543
7658024841360592
9919746147
44618
362262
90744
3454264550672
4116363652
526120557807777953
46782479655544
447359
654312
288438
463028547232000093
6924309996
8365090580486
9911841
3704516681383077
9057894816375
244263650150
734887134916
80231771484689
27044150341432398
94715118
164036
75285548751084568
3313116169162652
18017184393719
607252731067766
48192797
941192470060484635
4153539486193
462233933822998144
9139022
190832913572
645650745081
779246267808
9837077781923
495452259531
22359584032874814
888979086972533
37463732105538348
96234216664
45596148918149
145334059
80588698791042
12710173181271732
30884406238
5912566479575397
6123579240919
6697753416
112849921
4032977261391151
691909
642805650
95593213
1987531273470558
86715120350199
8772923401874590
54406
378649985286
81407
31042884940493539
7637695148128
614675157109
945121
62893851
15665903
829006391082539698
269044616
637491705088639934
11302
13984259350982464
194106458735122
90099653860
3000353559767
4906562
9544479881822878
2506418110824
4062697268230592
19338813461210
32595632637859
3317698
220694650964
828222
8884008016107926
2302616513926609
82905
68958
57823479412412145
580461
49260805062282786
191369787421225
822814563
946415353483505939
456629029741341
4395129
268225587146
187535
480550
34470168
3011142850202
231211625995
678711914562320
44383362996518
227163261614
9577944626675
485781686963417
825982337023
2695509
34565355622200
357706121972
925881891964
2952327037021
31456
1117689
7359746442447
69934577586228818
31290
21210015523597776
333057226
79386731148478505
80240
662019808380159916
1693113054
569697139507873716
83292428
4639474179918017
2932067276
7225556927
629771530465257
9182131963582689
43724317
84778
150853
708720338863
268577643252808129
55860
522741896765
124040
1185656015770285
4017526
95160992836687
22319
94525
943938915851917
8874863
585274656581583
14682015061912447
301694
741704
78325272171
4913577
33769864969
904839854
5525823
536232
44017155440715
472257143
120999080389
517870563293
706293796
823067763355
86392519615953
395482447918
96657981929502193
588727803242454
582790539420942
49830678100821397
9336904189083
76580503111
1750936315259
62045
2591927
6258550777
6526555286147387
274994
286071045329011
6764075547960
802780408846457189
975242416064
46503
981351456
566302141367644450
9979381817173850
3897112
1942881418
363655024240736962
449864566402428728
64530936
88587033689
20093671464805471
72916626127
74406587077777
8728839417
6996888136014234
12447317
97348006923299
4365617267528076
1153167635536
4525750099
215440528577
218397082992490
30392735724365
9284420
541916498
793435629896615258
40092377
4549400374
822568885
58601406
808702356293814388
182104382477008
568632571411
341189671899052075
430555
88064448835927
19216
43897353722291872
77246942231247216
917064
44152076224
384912
6650667989317563
188287064
8172407286
4070288273790
9364471492
853619616572
434543253784001074
585829665
43509
52615591605
7707410
443392481035
207472849
272057851
1088687350
8870285284681583
5653341306094257
133097279235388
79354886203
32163180153751408
8549758784638
437164643183
192751782945
43635775
1891961840
567543317
50656158886987500
975353903864489593
8351070
99577656842059643
80904761031018063
840814
5075311033842698
4908259439915
41121560872571845
56979792
15805836343923
3740167039498
9945876
130734988
60554179
84348514884992285
6562939392931
145022
4385044733323919
508003512344753
84145631544
3371286937738881
2351537989032951
901750060358232
6182068547512
24458
80037
997610
192319378789207417
1424239206
4969677
917501995583626034
203933508846
486921
1487155191
959757
10466167109580059
707496028
86205225235
629306525
737109
682692862267
732146702220031578
203594039438017108
7088682139
525535
113505187826084
3753219564077
439995761351530975
55232135
1705524905575
32158963054647055
596504
3125395916422
86097144371
778816235
4147052401
973740886
61262744
9235494
64302179602696526
252167901103
122425835
83209364
74377868428915
985614331
856913132357640
6895968470377561
2488371228412058
6705761429102
597593
873820312424
8789806
412804
59676456971932631
966327521
37381966182185866
464162481077671
51111727170
81842895447081
3306001645685845
9002937629905570
13028
75913106769
8466089
58373643197
94471
72919393
234202139505
622253244035
22065957147
83407826119417
12248312754
9010216019438
120916943401359
15596126361430930
9581252
49202568373866
250304201709826
48008695994522506
65083
19251950430365
591853439478495
48862878
222074212
5782207908769687
319011
9507943319
859163920273
70372
93316502761041475
895949767
8071500418
9284337167121
7379086681731323
418028
583842
72119545749
16009
71039913646091418
532123688
4201451
18249861585
775318222507658
34468355
35044109909
31738543927
74804493013
8034245853547956
658010154600507445
2180905487572
68595157
1327704429777
266634717
544033640971083
6766972246646
2266653
176796559842
5143761550252869
244682484
32125360495
20254971558614217
1578708603569
449355456871
9288797869
163846043382553
4357414
6537914016655
1695521951
28862
670084981
6807722
16659013265849
8210813459
9725390209954455
7064153
9455976643
70836538760
8156579285303461
14745138917981
92757312
12146485510
6568364258469
636310
5486216
6801394974829
6599270
57003141142100
89429860058342
52310787492
216384171
600118659454
26181538561251
50439078551
370227715
51398549
9274766633
96405383891811250
38701045
515493853869853
179470345625
437858572916861130
502074
657450425588319088
2755129584991
73657552623
4187669496783161
4262879822
65124
44271
229691792364030596
84014635308727812
572994692
597471903
84352136
6225274623631375
8423584
565527948364749486
59255430835449634
334105039402
522884887438241269
33633855
985942597187
5581158119060157
22669781
4232537292606
354105857830
2405248030383939
8509486340108
356345668470
98187629859
30578722563
4325656969731152
13951712
75000044598285
91812446
8028137
964927183050789120
4097260333543848
467204
21851197630766912
6715498018748
234979003148112238
931332292337
289987815151
9391258496523
665540
986980282363718
89313180
45292519037144
123127124440053
9862025669923017
23422841
642917263156783385
3639614630
4042190076138362
2100773119180
792420065
72149595415342
59085156556
6241971368
9255743110
39101369970753969
561263152
8372753450582
870830259095
5959520049773002
557625769013678220
533083347345213140
832841503539
55241496339409
186103
671612237
678768498734
803918113670319
743962
55582762053923373
20772571274776692
83502644
80152964
9692659743677
76268513
88085267
72130285357
7153137500
274053
840605798397861147
4784414
758620499681985063
497224
77997197
64857
8146202879238216
23930126185088
9101559212505663
48449
602938932911952
35187644580
2039561
451463524
4276211851991
999781298
52165773848
70734716477
960725097500972724
991758692
46897
625214
84571402
5214761661
35347185596590281
2690850626
68176
9209805940682
452215
92520709804802725
89781543550801838
524439990
5005321578870830
98583283
9262875061193
62046564
3212210294528274
616940391184085
3665021
60466
49664190
468405
9797473837592
39913174
80310448001
56885153936275607
22676309834193
5570141299213348
45612
362701951567
55645752699
976326
853288069779
96064450560
330473985431979
443133910422
21776566957901
988080567482
51573768001712253
6570094083
64099
604725055249946
3745988640
2558292210462484
7689621980229876
126900635098387
260940976422410
44402101603218202
66480618324318710
963473
892089
27640546978
6959298
23466649109
584227164873
726860008050
97235
92368715427
3446039522604
29582784919
13166
408982385
86500421912615
1907002420873
54222489411
9687341250
885144958
89973756
7589515849921507
24922043
1584728452611712
584230878549068
860162478594717
479820578002804688
886745309
9048796098
68134093848
7930039253658952
69590245624546
501934
940753116213962080
68348926405340622
1430422993
570258190710
98034473001953295
81244072
52513243
81365620616
975759431593
32685914055725
597528176621
271565034227149430
48947059015525
60133955458304
46875
974805534034318
57974865213
600156
960107416
739018610457
12249284
462023465523
450514666058037
85333344250385
939893420309852
72290795424845
15047807796567482
170959426548373999
853949994
94146
664110693
93938606
5766876020338
4752730
43003329
41810692569509573
823732779
47605691997029
34763
6521309221882472
53462393572531464
5897532345308971
6736387754
5663397500443982
613450
94634
3927301043
6604244387382
268999255591280
537126705205
998744
180632027
82754118
70950690706
445221245146
76344724321
6178490794645
488818730464299
3203787
1850858519511427
7848821141692138
729818841747296
4978580
297884
435515389125354
302335353007
271217
874255671538
48785699097450158
98620571583795
498259626609
459016
839937122657368
142620949065814
203732342263702190
6736311588719
75487089344
63445907015804993
838508614107
51010662
41987578088
30227603815209
27091675
7757592825232
9877490096
31055207415
229536097565131
790810
32356246660342934
170542
580163446937711
6154284318
257271249481973926
93207266944534
1223870532606009
3799742067173428
60537666383247660
707585679
9462967014
23323428
22497613734
7899616313
454490933166511391
971122524393
90345
86935462
308178
175565699498
86873803684831460
1457747636736787
7417399505887
62523988483156780
80491250
22661460972
55341183355818
310958317218
98674034498518
907398416174607
20259161496605465
5400614905275669
3710516666469922
400461825
48364
881680882
6357535718539
466281918
12509618941783571
576294918527
132920550042
52945017675093
6309975261791767
5728087531606824
742554017
1410317096364748
527056605
49852990094181850
8151622197773
537933
83440691481
173561310
5747870981
518100260
100909
87771990932
66319
260974721956192182
753659941837840780
4106007
47755856279076697
313726867737942
607479355446994778
97782062496
604375
41053459618
279165986306519
90054696791
120310065269
83587276424534183
38333601
29311730043
743885942755
522723
608736183429
88903339288406
702410698350409
41327869
8643885169256
137773275
68232341069
7700523
52700494942
134688159372320335
72538553
635502
908625
648459387
788017880
2301668
5012403386
626179207437647
608920521384889
95354959757
547399730897128043
4958096843
7619640258
74316331214352620
3766568231672213
25066167464773015
120585744366667
391227519284
9648044
6474369908211724
968423863
90761330324
670816
78496
65735942341166
113976
76101175068
798400666885
569669
504438374384171
22208308302679280
2725781
74579761083086
48462195841015681
99837435
353647
79667
7985541
5311504278774058
527202114184657
357315190426740
25523
118012018607037
390254096412
102714065400
20702090170253
77867673
4485022055913341
57226544092279
659791854048668384
369884506780799
384539002
620718721014890
26493415
83254
69731132028661
10942044591
894327846011480
4717626679168
1102152
70900303408
275026990637591349
54221255032655117
611596132436229
489890
679070788
649260161616140315
8055690932111528
