6094387
89075137
6362778246
29296237265145
93917
32954527616213
70502400
749253719956
3382219
4547008302
1227536453118291
92604293488926
2512693085
32995
2952487
807187145392
378597027938
9181957438301
6516409828610592
290969
26676432814
8684194267
3392701462671
38828514233700577
6813812884546
322771984744986
5227966
7332766800351
90549
11702538735
6750427473211985
359175055234143
883470362325719237
768857
663686136675868
155492033467264919
2078829735343
8705356991605
6422527446375
61500972
34570055989567917
5976108078723
93356224722
506874842
929077347884
4647081048255878
3435293682457801
33810511560208
6066287478
42628710205829522
3547120481797753
3002587275583
359474971824743
6141266
2163965012
874405655638087017
495574660925292
46010978634771
9044882714
704887
912625
987572128
466814232
10818570808997
145583
500249
319460962241775871
48839210016168510
799432816617
492372932602828779
9617963422543
1343758047311
33760551509801650
144434927591004
24336503610
82470186
342049
5991859225778800
7360665
1421842
879258452
9370253576377
1754653722810045
1832814465416865
35285
403286
49229483091467842
1909896559816817
633284919176977424
939970
11082992825
800168745616731
9217724382
7313444187
777845732024033
713997264135315506
17684
26869282
1334447541852
511944852
7108278866
216501222
7208634362966715
119749616144393658
674009944126845
662183
31536505
55259941
81157695
82056055
9371385
1254194
34028948541421879
44130
66960288
631601562279993760
745377259802
121961
329888955
4651196530149542
3509698962114253
163446024693
3941937960964
1394832287
894155
30057264161
8855196255849
76117546289
6338898927534
94419547
68175377308328899
4414074025
115425139236328
46815785262
64444
82778337927
19646332
873095978720638
73484494606442
9337007
789957001
1602253869
68297
2922925607854
76170511
24659317774077124
65057207629
386211418559721143
60160931121
73338231
6760134
37623137233
828684120247080
391678369
54499073335
953508286683878
2874035165
31993456064405
1735345619
26686152584761
52156352
137483
381354092432087679
259890
71787491477
177383159747519
874987365598116
69053288031
505882377311
643227414
610317
636764949502126438
129105492221515
782351
91690311165787787
907514421
3684734349
1150576289787294
968400531432363061
755471745592653065
314887028528935790
298295537333709408
352354997
238237378
484231594864553
21250
915902968891
64707971889
39152042757
83339199
787649
1183919843598
4435255608
1007225341871
1257351608893
90309
49623667970
62800958696703542
32086164392734
787166
29581064067536419
290994726
2025422
60558
14084132937134
3251088
96915181
62546
24325145209568
438268047931778
65638295438946
32783307858
13275
2321248942710692
34315480188858
338450920802316890
3880348057258942
477156026065
6115720
2410430
73828052
501999941
733496
71413457095
434486561
202938219
91539972
385764636583
9069757165
40206
867412562
13619364193504
47125749213758499
463890778609466
954238
380691818
9311381929831896
2384235628916122
322741628807245
465995780740652875
7813008299
112102705770729
65736434101
5380175
621101826
38579
95626911
86012635059
5248786
17553
840678074843283
266131
8570532720684453
9643737581881432
96096
95115645652
731684
7846466
8149348854
752940866
148234
725776335
58067353340464961
1123514469
58001627672
66817798328522
5902296008309
62628395294
2368347319
7235854026
51224468007119
66985735
89896935778150753
360194330
7160074
531925413593
122539259251
466659258988403
512176379374292
9753930829
727580
285171
411149889
7168920844
17146
89415832967
389321814704
7230934
66767220543
6932827920010595
617239167925899
446916156541549
7997303142
7375371767166
5765090057303
3040491052
21541899904631856
86230942
640980554389525
10018571298766
62682422258
7374340
2434960213957564
45680071
69579137
203711
9590160620867
9648784475491
4824797323995959
198781203375709
78557125882619
86694368756916141
817839261
2328732575145519
249867541652364
60524042372071183
87434971141797
487447277756419665
221309967840784
8612512982502797
66361146024
70958451848
94882437938
545480821417241
431493384933517
67463337
411046564
9931035879
30369605210
90143064470522832
82680900553
7591768
13826128727695
6548066481591
64825989645949
5099925885408
8068072
47983
9658460564
126004
807378679491195531
1007264654363294
48569368132
679701
18257
643834699994634647
571152
9464162143451
62717374277034
70044627329729
99441816868275
6697363551716
60391162909464550
4394347
3100009036334
49026815452040
666265808990737
1765789727845
882190
6904218633357239
1525693139244248
5595810157
558714
864043104946855374
621590507
646375502
17223344250005
261720
681800969051313
24042490854849153
5618900448619158
7017292
8756231715
256891322
619147434961148997
217104729540128188
91892940539
25372409
4720723687800
81050522124657
413923
256018739975
26323
74617473659367746
4930108360
30045
63134710
48863184
41759617919711
3112529
3785312490
17998225506311
950603794666748
49530952985000
347178025895217776
475289621
8748673747211
31305789096
4479977228563022
16563613
95560002554
70480
640257
888790716257
531521656261290
87709054
101400748675159
4120058389
337465806120805
1955267665700
690505
887824605600418
53203329392983322
6836054
42528361659496
1462073
597662128
39938546024233767
9662351
8447607
201237413
564870427
521888257475343
39505228338324778
50538
973381
9870870
10850716901038
656026359901717740
792803977
58046410428025
389260991
58223256832313986
35145761151
3933339407311
34382
31076583776305782
69221
12105958371234125
757141
79759949
6496072
978364
630537280816494
903753
4624972759
4023123440641
558545220623990713
4501685
135572027993203
50286648798389776
44810938
620214757354422572
35486963493
461375277852872
48455941416133759
853036042799009707
76165452
57758466
46006546920
81928243350623489
225606555108
671201213537
37443
99307403
8240935191272597
35905772517707
315851684209246905
847679628260219
670868569783022
80179994896448730
3052570948
1392658809
5081414
67360236324
437731
67069229902448
94933796895238
73358
56878
522638810
65061219956943
8602668231
629785836472620589
69912027
57829
6949407843
911467550
1139143046645628
954084895
955623419498856
5833110970263
59122
157830154
5356560
3665368651168449
953803111974725687
375643
96078019165408031
285106
374217742
151686288
32910
32049655981
9043259254
57679763115954049
46252575672
9248455320
37252922100
7779302979821631
8642074372930671
1793976857601979
75195548811069
234405103827663972
8738921139370
2128732
30463953474
1676637786
507323753
62955
558487698424224137
94752994
7598861563
728740343645
6231383565057511
87036
47574
30460
781850413984236225
176126
662424019173434
65189219589253683
70699223431296
2480591
6118015002600
343880
638865243275721914
45277719
51970295390534
476026930
254425100086815
47640093955906573
9809660154621644
54059925783004
5537283420
378133641985873146
660892013634
2684730654
1004194366447151
1787154913022435
620313043776159
197344409
65494
30903508095203545
79599788766
458073410
645950646
918603453159
94340437419982893
7523122086352
279653865933734
159731411
453882916815318
664260041
354670617
4752898
162916215555311098
3904494403629
9419166409210501
52863880683667
14952
434956395
1924016257
6738927696918
4284977852
6308557757936
845560571
586108065732304422
4932008468
9021971843
885539879500
1137027019
77990374341128374
296715251
2919623
10024667795573
719959957
2702434945437
28788189557650202
3124377798687789
61752640
177193123
741122605
4464018
36295735282
9507685736
926892099620
2064605592002
727544
83060076780289250
931551137010855026
4926275053986
2186735
304244
778785
5666508621777
3355078985311
1140160993610
67034148
6300016688200796
65255400593444226
2242494682977
17831741245
37170
57353
86206012
96274621
6041250932300
69302160551318598
7130979875589
859344
101578
881688929735783077
6812908368456
74639513987436
1101843
24572870562
54349
203349676603
44052485
763362994098658
55636471969
401604022837598
4813243570707131
20284361059
471491
91202947624209
9584819697
86494219824
58213088
746227315475646319
73237527666628
441406379336
62074139685053884
72380706276
43095
61438274573
548840535135
528517655
89863386925
68673053753
1858969943462
83860483304429
8521303397761
17933489146248956
675433
940575
6627009
574937348439754
50265297694866
34903
63047311527859
69650800497129880
1338820827974
82728078674
612360302367838462
401007338003222
9293061
5049271
69221462
913755
61659930
4398706882616567
3637775147195423
4047910492371
9876158624
78020
1785053049790921
87162647
20357
50333977573914
144741660660
6383716
2550049
99047
474789898009404888
131010
3085609292
94700689575056
160797384888929
9195127302
1885917708
28937545471
1023125371480776
9042755692218
605567788200
99359867478958169
10661374263
236949933673
1293889825
7851759
9479117
4008407549034866
16423553877
511996162598047
95681004622
15192
99264920024910562
6870901757920358
14221466697686016
34924549222
860778942644
3223822887914
454208682419495206
416413708985230706
968214168680867
54916948018
96955835649
96530572
6823497287402321
517975
40972141912870
24153088500940
342794630974875820
93100713315930
930960034
218783680472117
463497867122665
266854445
64324813404423072
806793
535759499795
722136986634
1739482
3651172232481520
427875
95194571965
218372
157131117975814
68728843
11827
765406
23970246866
205008976981
982344248497027
34462
39207594156726173
19764733201919
76568567904
6096173300541
42088322067573
36831360
443182969450009
2467563361
839082
2667779333591
374478092503283
9407129103350
421769129118
81600330240807
799505031666967
1197052092356967
7059097630
86532658727351128
454828140716
7129072957
4545643782735539
17384746
781383
83570
114464356
119802841900623931
172913987536515
2126320402854
940473693502431
652821
9997941230
60639784
90679891353
58277
42002425
639648701757
5050752784402931
439478936239
45278050694
645498205655759
706449573694282575
2559012341786710
3406297137
4827195
1809139784
2810155114156
659062
14777231556
921022949
190235470
30717
97218
776665093
62990949075
13474993529222419
4397828567
1785474
724105661657212441
79491727553
3941389268
76390538
313264664553
28716516
88897907630837
1201187344248717
94109372045304
8421702206031353
55038403847
39459880869
11593895482
6035935085
482762379375271
12631240664
2818874414564
3160159974529595
11371357844215719
67859
44753977988
94302928733229822
549301861179
167055
154090540371
1136595571
514875
61480103665
42346
7160793
789395451972112
64576420657
87466
8592941141
9292714
1168174844372
55592024100
6655836569800273
8209595
6263154866744747
7576371
20229729837899011
9607071
27346160306
8958411410
50215
689543283749855
84674116
33571897030418697
233456944710400628
304976321
8462511
326946897
953175605
31867254579384
6399240949
17187991210862
62307523074
646210728
5411139452102355
970244499011
4898231842580
585329888
452118231151550984
7908567
4801149499
82362313015393
5087850424745
950476507
2896706830
857298
4468300
4892172315584
9820577803797981
14160203576314
7612661280
76709211406
5872089978477740
83662659920812632
77219442676647
6760396127
3305138006
8926125
685782
4491893086
685924738875
3518502
180723746794214837
86951690
530324
566907357672
637209089314
429685917895339108
9984698653
83000667719467938
616389466778814884
21447170
862435321492021290
364534622464
41038
2167823001524611
548770115114605564
22378
38295413392042
952559360
326211697064523717
504064
99182551
54951164617582197
3108001628
28066783671
890505846778798
98472
89695
409427
4408484
988204243370188314
205685118088982899
60252
799864
762378890799029
62774714490080
182039503152150
8316426672476159
835664679
312249863
16518888499084
6027215815320
764685134540
44507495948659
40552335874387404
5677963464161325
87849998330421455
456266152504856150
2116291
661289454068038027
938966688
551969070600137669
747518
339106147456712340
1011393361409317
861688
1248087704675
53688270425010
35308
74665
4902728985
876322779210
8075785
10891166199990311
72244870
4891995
534353382980048645
34773
6208333883232707
5045616803991439
35934956197603739
779830683711013
119405861542235157
521886666363
30598631320801709
34837819
56868561
884939982
23184381632885759
41035
1842863
8121025
96392
6897777512633
253609178043
7524990753360
591535
4501795
232803686
9494089
5656554
122992233455915271
6099177761
169146570090111273
426877692205
136903428112451
613392601563231044
87215857969707386
44234212350
274233482036479
352617
49778
7778527
67010071928
31548
506502526521890
253226224
13134698099
35184
778848483354
278780
3009063525
17298630781
55776557
251244675052
805261
62177677312085734
383204768
830554542
3163730387174764
446289518025300
839571969281686
44616040027
8319979
43164740775
8566896846274
19195669
8077742213894551
81739087735359888
144921538099825627
55099320692788279
980429011339583
5649514265312
42852
63679143362683
244732622
505102
76956
776916880822849
86894264285
140622
879198320
615197584143236
672691360989371773
781004
51837522007260
392870911225299
9915808892415
246915882403774
26676518029
598328
417091632472009
725400194759054
222226031586
172990623455218
47304721487
61926028929365416
32977900
82619116
8868511683
6337957
7981489779
119905577823
21509
29001634767477682
1119133111623
3822060752178545
73203878881369
41094879185
65238668713022
50052
99154263
257681581
643159652144
88727523617591200
969537417
91591
3143831773
238254247588107
709427550604314461
4024602258468
35330
546104153587
799424659
136024
7300201088450
425119
1410945690
93525
486746
963591012
9369521313
88095
4136569076
35484800
344013
392279521505891357
674070439945595
159208
246295846
94662604368247
797322
38254324689419234
75053819
43517970648275038
28214781173847
84117557
63755705661
242729793438
346855
61040
561387489777766397
926406091800548710
331037573308530
3807211039129
85883780735784312
756955068177968
71785462645427
8254674301364592
287357
807217526807
66427321
929524743808894181
1513075795013993
428820131675458
57729
1710274
85789965
855202619745678043
226911
102337459
7646348323238971
23783119947
4813111868548
43844756386398
35054
994264030004235191
6301271378
400587381
830344174619264
553333157717
28179
6940866034471970
20695438
49382644647535
70349
1417522077
3339495438250440
43041588560
75803410765014
936879382
551813436
146800352577306638
230708
3845481
3885213142084200
891492698
32896103955271951
88877734037
2222507657783
47600632800218965
43357181
9497247610075
942375670365297
596110973424
863547715521635667
74440123420
805165242807350
82237059498
234100516440363706
35477699
2176172692377796
11062978835575
26696483294689
26138762
74852786945
619492
4408650
693323
4315638780594
17582
9215403
291201833918696835
501564340739
305037
624482057677296
128043529583041081
496156153219
530947298901623
45065609370729
283613159472877871
586694752
18644
72711774127
639814310184228
37917419105545
669580
20941602864925
74161
9979037269899993
70594142
80367705470407
111247852024456554
33779400
5327909670803549
1996609535034
99528777839823383
78719721952287
55412
80869909497685252
74423
8976463999065
69751814826544
837404873
7117302182608980
9338534516355
10461
51268016076511
445847267291
153810
162010
40909516854238627
84433417
32129240
535587097
4386450538236
25462947306
324088798478
6396454339
460909017923374
827454189723863
20164070104
50060923
42046013064
1888453429870736
1133823
2331356872
758304516973
701971578993367
20332227862478156
4028947
127297627334
24607243701183790
746279958420860
1171066
920511837586
1148980719186
61735414376
44671442659097106
160246197020747
657074
43037518663725
66546
2121038
3836119862
201966639931948181
756314912
220049540174764136
94802564406340
890794403
7603391165313
4872713286681
33728845786266
2583868635
62275501659875
793429393503833
96160805202454
62712454
42620930838432
89222042159661425
881133883116
43405
907419738497587953
81936
1426028
276392689
4003612337
55935981405
599403052249612
410847667
4329516228892
4354990637822860
449205
258862685001816013
615609338673
1228535863
66132558165
391238227481
415201853689
385628235346726479
82429034526
98049
2460853483355
74390602279137966
761621587
226453965511859
329953
4214791787684938
78707385
162443270
52056524
1244468685
48540971
66001430
610292
2808686559713949
8500921180812892
233744154622165
85218171061
678545722402790
777060
137928
67822358326725
4069741
790059971
78390525497707748
77531841
6083294
342466035279
397393
84037
5429034
293148218302132955
1818018878521
45115190432470386
946882325136
1877855592
55736381621398
8180404188328
21515
434208685
39282
228208846071280450
81455057408989023
961439
19326550
150183318
15462848
9433276281803
97383885979467
59542445780696683
290110873952607482
47320366
709156706698
46608424354936294
457045
60292910520105031
3863805160573
356783297226393572
7645675294
745321801580
14467188261292
9790565630604
347735332857
81803310817
50593
7607193
87630309718823034
94546
8575262118
765778371400547
934018724852120
448876642853095924
599752970
98595077957
3318946399061
96419165
84874169954085
87336
78835656836422
266334796
3851696497
97383
996296675474
9620677860
58855888
267751034475678
95227221
5428423403603315
99430786239645481
183016187
43612110
46657668106
427421326
425732776
98183956611
96752739
7230259
302151558854026
7117251735757832
87392786582
46660426583707
4870115819078165
9307820489029007
886915603
162696942449
651715714
6327686801
63236145367315521
7113956637550
35299609795919
828682368422
540989944827118889
208526734752
17731508543293
21354332421
10244303
778483072074859
37163176504604
6513250220401028
194345170
95332752574961
653154
5170055983
72791
328599642717285815
655372941
59200652814819
813163761775
5275701129368619
321448232528097
38665286433920
260440990546
56971062976404029
1992474
7804320348534440
88703058002
77458
32898417
43576513059470813
643698
6086967775797998
828428
75087037632294505
91343593510595
35161493340209
398401
2005457658
2441393
68291158264575
1592033781665330
932598413046229921
82495504
26355737
91069583633616
25153201076
4012186
563006
649122
63283064488811432
600564
19942380303860030
66811630138
990247359188456
94865711
2809412548332
88734090
471566374
29803652
76500030
9325796683590944
231760848
8505646420841
4629181
24421396187
936200266286822
249329661407462
49783328873
494347487905961423
8111231592288
5340896
7173742
4479644
4392843
77651052093
425139842762170313
57037095464260583
6385195995
72471227789
64746221598509019
381452210
8059128223
74441731324947
204793864422055
1946949366902081
9528573077838337
580229824434
161375930
781618606367053
61467385713762361
56423640
62695
73253933
5536675538875503
4701656487
68467
63195029353229208
710093367747620434
47998629927
489009
702026189610
27162391217782
7681654987821109
24525729848556190
79815057841730776
567910
146815724
36725831560668
699586623
108554
72438208
698138596
56986614
7093196072994766
750277883486775
479802756637708593
142640915674
67438787
13396024
9833792559093
41432
435566310117
20107
3720319257
46610213753593321
150234
9686422819671
12985
836123094
99655598
3837786482672387
8092543
13159807
5931745
24458000168275
6899091811
231276412991288325
11980189120
2326167803825881
250365
10115176860154
7889157
7676996
8451704418798419
917367300878742865
79518683965255181
79141096782566
6138623665009466
2137233534708
1683911595
701102964
16890151226747
1527938332632
5478561
2308257413917
7996297
888571079785341599
605331018978179
28527418901605
2125826259508
64352434
8844569690456
866340342370
14105858995146
462411
28824287127310924
6678785253985
54749072822814571
45434
1188472860165002
2914411888
3663504067963
1682998792009516
5058051926522391
20451238
736745267786070299
568432198932036
48856937071926
29416
92538519963867
211720
974669877445
2172138378520
12430560919184999
1181656317
8890718
76949161021301705
57595626092
42425915099241019
4902790368019047
92509276541404318
1286053
739477217
9683198
4036170837
60198277425347
1637966
943000590039
985197089564754
740572834299719
5065895371318532
829850344739735
19902263250710
897753213165534
640566394
864182844960079
819434585
719707025
461404
2588061
256545
61919409675
397020
1150861206884523
695387
709421752242345558
4919064467
9621780149421878
76386741842258
191801214612
72053742966216
6542122967202
810519592
537430105605
562219143
776196030
405883
4407746325
547004147497
92033199
930146529661
63124391624
841469454133
9656364185
58806970082469
5767982238821324
7942271583746
300685636
893141320103
2211084997452038
4745795387227117
2361331
654276753541
37213860767830433
532528799716
188345641736
4074118487837905
44685
293848554
3009167807645
9382748954374805
23347
6797246042568
809929648989
3787266453535
70748865666145
62028201877880
6489091895420578
450140770
620223498
8943499
1674112525919237
473383418
8855408884368
8436867042127815
7250110
42873752557820
110311
433432
18342
27612
108174421121
438780833077
13287926809183057
8431632343882683
1544180806663
757742
83055918
714524
18384600244174435
68309463166900
41783592566160
871123146248881737
5972260
28040920796167274
49497321470167
7016099115190
7750616758657
463107580042
422308324564643553
573262223773
856626389398158
325658609952281
1838019880382668
31651
73598739078
4127947
198504657309140
885852
105601335
60880356653226239
440583221310028
2179288
3091666103
658607643051568958
199662410378943172
576261
73015779
854246333
89239935775
34481
6175405099
6280747366837165
91989693525536
5602427264
11830
7699196299321
33596168301
226503004833616727
29593318521703462
53085318251
98129571612
962708505744143600
83145324
71224781624710
355178612
2121903877513
1532895513413
5393253
474047435116386
833598281967863307
6913618939
3622659420643712
859607369960
81434876042
99078147492171435
731075564719
676163889
31564084160
4612186140
710611778462
6453784178
6370024669601
5858887460275
8565544998626
90754115
18239777990176004
111015355113883
8147356
8087973400
926549315
8140009670210251
469158104731
995519930793
935045099207592
423393069
178765612273852
11234809127
335578071219414518
653865859576120
1590458928265400
361757498753382
215088924902939
100024940666719215
98354346849700045
85719896622
365654529670
9327455875361967
4899977611
42045386
676525561370
69735
61994963269
25818451336519
20116377946519184
4219473
450143486817
598359010240
86085732819
4027872749393273
167750619
2453321
5690158467010
79875748109836642
511781270651219
2723055069486301
80108862
630501
486485511498708352
50017968004
33080
355259626867929968
832055704
3731121
8077957254
455603
134538293721
22318
370686737582107597
230169
3190947
20629
820792857298213071
435179384
547817
331336265623
520968660
139189671113995485
95942143437490049
2680668146059
38310
869184741658
3669680
63121009
559944246975
13897844475
203621172
865987047816979776
60571655095
105069156765600
608360
23663903824943048
2572108621087744
56788765311400
62420
126220529387967
5211752949571970
750918590
104249
10511303
207135
39644089
57082367148
6851386873001
69709952
13762
609788562188
197598613963000
4990171
71188378877600
9540401
77759
93882273503391895
79552395
126580
7177588
2990082085590101
19746075509027233
1678497479398
982625809753653
918609086787
60998
694190743112734447
393458
438927583
6797452250807
335499608616226
88197
508095937739
72301674064219709
901041044901555
7355521263271
840491529
266531279
54123415607235509
89272224502433
470663634
980806250825938727
69545370
76765720185618
380667015
704794513131871
50830200699827742
685230
8102849200963
339405464969
78747682827
56320329
93133934875
6380557581965992
313479
129299884838
824675
906324224
20067863253
97476815
414375
1480377583
2399666948737
5857026862384
4753003
190625057
31560597
56587
218619
168958
48375415
9366373911
16206476012944276
5855567
73125265
9462587323016907
198243720236624099
498747631869854876
1001855226833
91542
463135938077674
5925744585805545
289878795401777510
8474395410167425
489799958879692
87510
6964151783861294
80461479199318
6312752615865468
276465273647384
889624727
450150724767416
40356743
7823982
286500
308692091619661248
909417517637
19943
5047925
8472455548586
67868371
82534
3706532173940837
434198509559986600
667842333751602651
9974215765624
804304
429741389553147269
925494906198361827
84688956166
8064122180
52568020516585435
36488
719854620800
663661326341913608
753670320532982437
9605800350988711
1293317
215608331157979328
9724420171541
3917629841
28207758392760
954218517
49445061178
460258966813
286896998220850614
2237679642590
6872060698996360
17925704716973
14099380119563
718520272
8820188
5625686317477
3179319201836
50117037570869
3671438
34786
20421
428920663873164651
6053696643
693985300498674365
432147323996
640826320273819977
6628519278
26992612559915
57726802592529
4434556
536788
241246106
870456567620438904
7340158005250898
9677784349
854160
535107303668573
38892978
1529840023
347181291019128621
39096742656235
736265
43079557038392620
67020217025965601
83294
56431511274304
92229
995631472508099
802615
77740416979
995352772
6952580824580
877213209606508826
21277046295807
395877294341135447
75885
547425
21813
537085990
7115728917
722351939
6053998435270471
811315292
7531551131935600
246008
588881935655
77614862
220279283491
44005301604
4499033765772831
35580671
914988927889797
5555147
3789516660
391251308
85125016
60070
357796244
6384410
7224812545473
5388524995029397
1625685
670996
69970266845
391416
344493899977197
864671978157253677
812890052835019024
4923603159
58217185241305378
702186115801
91245
31641
89109
49316442512437
3838705809084858
68446523664949
653105903261665890
758490656220433225
5309080092
58764799289189175
633101741755
4336424130359193
82998054
92266430905285373
883931865685
15252492866
47889107189268
31400122701532
519867392465
6752401065289
93400
51985689806558
176396430218347
7518929250
62875236993
893660
65288086947
3854992977830
68506049301
453879344064
2092733101309
17894420724543
5459120
887809
983423
135991780
779295
43971569030955
34499311553
2461929400507
993255554833452
773316039626588898
2311434205575195
8578386931403147
37493869189137922
989987
81911486405396
899210719110910
5688676467335
659890545534
77995265998054
8344702043034
23669
61715038605516611
8526018
96426747468943015
65947651176
66259623835
99460547
98566290561807
738700462096072
18016
18465141750716
4562075
466236850
282806770
71107143348
49962418
963973506
9497981
2895116
910733239516
97749662763593
8701523196700
39616718
10919
77211497137
23947
73330772154499
85329
52953304
5055719667492
7469307889
329124588
545113810379580
5462615693400238
97918
71432145206259
8546299252
962803960
85433313729
74761
81387239799346
25300062
65707661944052
25926386
823648
617592354949450456
31832371274538
2140487659915475
530908776137933
46275467321
54776049650958650
622236677159600302
3363777138053
810848
15732209386377
5760276
56238729620674
561271141803
55633300440
4349569790012
839045200
6108429541619
26529
671092
461452781
77324
28559069252591170
2219006
3255254968
15856464
551671064
48718195265920
588549555690
412656898183830
640581141577
550266
3254965778
52486475624483778
179859627
6628570809679
204799448705868056
59080060431
81892032547812
430278652699
3590753875750
151262663822
361785535619134
85540760
11841718868
8001015493
47272447819616589
9373255112501
9553890039
25255910974
85995510350015
88758
47307
133341028609872511
352250
4447906004
833104358923966973
15293782108
1718306183
444461
3318128773330281
7804975782860
7927627
81878522931
71541620959
44982608732609750
9627343
49822
2627978023043
7597087
152711
304464
98803539849969
47619785850945
57530427411005
759314646267
1880602932
661651851238624776
3390144057
50536225608
2456205552819
173425112693
65423465
46934789573
8415176
4362052758150819
15163755428755
80311591248698
598314
86269769896411973
34347118453
3526384465
96783344
865599
4491707541102893
539256941
31333889547620297
17377996
322300116
155384169010
427163211440918
504618216638810102
9683883612027446
4261953
72394845685
928392
87112334368535
78056
91689513823
411541955021186746
70338571
29195773518027
43081731723
4351621819283
2908298990690889
117988031104724
1378295284
4357331005
84506
30292288
551908216284
77509
98244626586774706
88979597667516
1262200
8630082
7232530830
55747539166
481214851303522069
8521932615117
191479625
3723628777072440
205494192264126933
8672108799869
1750463
72778802167280559
57664376869758770
84565
4334944402
83406
105979
22378
81743431336222
586664847906
43080
75715504131512
23786722
74425884706921181
14025403425426
20837672616124206
74329
953200797
68438230
97105
1747212883
347962
410305394538
1269007
8676982879
36225392412544402
5768926011
49076782627
4969733828
9221019552679068
8174410
29890440367427642
934844372534796996
687949923346
1274212654838
31376014
126457
11879754592
16784864
797967968900584
43722487328703822
2587488622043
129629711969
920510
183974946662652
9958997
384119166
22958563573878707
93993591719292298
923551272007213
9999200095
34051127963418875
6324051783
598944356514
1265550833
4473427
118947
292954698141566
7129922363672038
32028296691
213182622
407888386
669470948140743
33675231584883
3640194720
33472559344029
8058829058172
17947896115815
187556
58260174589265
18998732576
459465790456847570
227652592
2771993193962
498330501
752914
43011621484
95277349478815
5150349
26038326358
756197991383
554759481248
32431746243836
97673533
921296232766
886013515108390796
69496
15524284198
6581664
898761217893539231
106201695916201121
4236058627934
440748328673
71343207831848
8336679721
7346199100
118843798
6460443372393
6026645225078
96063025203
665900545
439491222278725646
8172012786
32616334383456
32838682707
993648887
5506562836401
92255898
8514414240
16101135286297667
4644122
218057
710472967
177532921326
351728587793938
62732162076030
7788148881
42442594292210
9969351274
45975292114495833
99521107367305
6702924749978
18074
56114554
921683
74024409460268
4258112370462
917492
500807
4483866389
838351472
2407021636
263927157
4291750613
4871438135958289
3727960
80803727869992204
364748348344494879
39703042
817240
3481915
562776
805884456
88318944550947348
6096425934
7218115241266490
97265158364740
428762077
43490
6506406131655790
17175071393240136
2253063
365805149959
46763004
191757678778151725
788997600312634954
47192449478
1583659580
93902982
3808857704702927
2241849165869
56081
47965493879
66557
668917
6686348584348
931696489649
8107378218266483
512899962
779062023583697135
30331936164472
98314007659000
3589927
833951801239294808
220735435868355221
35941781568753
33211759
36196144
24770800773680
4862296811262
63371328932816
7574567794777
46767439022540424
163532488114
201850
406098610027084666
49791
90933777584429
451090169598
8392357920832
616541537046878
65130580962
827738540536972
47217186022256414
376777435332437
214507721809103664
741126583486187
912034996141425
404516073076410088
517216386932583820
37751518305169
17148075941436
435533
962769913082254
65724404663907819
47135545
39162
80434241873704
6407053103993
296500097189756
922734909795769
546608763761387455
882326
411985692114889124
93760703
2117990629229200
6434111331038562
290082866
25281378774110
8289609
402543236152495
351203471
695120943613361692
381950819724
371562003067
100339441288445
80955383
78222948
41753748178505518
168379
535709491820343989
1386214649
521670
68735
8886985978520791
82115527138154625
9540852804
263319159025299909
219518626
903800
968948
555897855196936
21017
455518155552
43866051892848991
72522779013121592
12629866449
970852634
28844
3862388635
89840806
542244276478
466347071
4926312449
213437997473106
175795133466382751
7520709
123555378
98140393
3515753
1004315664272
8730375631205
6332460176
193827556642215
3720974170824174
870781837259512492
95351322
35369229971122261
856081378058191
3283288027468
88040
982268268239341686
28353
14036045575
925211747219590576
799443
172882775422315494
618485312617
61130322640521127
80570945
4741008
1409903905693
169235089
6745710579
608306679494639122
37801097488
758114
5964540477096
1980612293
813411919
869819756588
351969381449310
2357840
467914933
729299017537003509
6325865
72764514746
8469534894074
2480209
584581
6309751709245
376200396176923
1229857419
993222
80389
96038208465677213
1440207954968440
363900436527
37769673
6787464958
376436708543603
289655680567587285
83974287261651488
9077986283539742
397678
775241601
311679768633
41639361724980
62559871909805
374578390374
292992113855
7784427
93362077
790548647115
1701384752386603
753355086357758193
713240
296522
78504551
75363682
4150355
20156
211781949
1311446495
488226788668
8262325320
2590020
78659769943
650259469779
816584
2289504153822
2820924941340476
68111
4009858724356
5624974114
27610522
156325627453949
131265009
466081929394
786765958172250
7452103089921810
85779735
537040263581658
4825973
46241654541
33207981776
55912481382996076
13980766975
42083488770664
110874944141004
749444344356
85198717163236
51616929
554969334597173729
1723031212950
29772
14831168026106554
5689039706534241
2587619999
38990
29730
6481368355509
499741232037023
27860792808
63227526
782416852
167384
272373094659280
63290426
548654095175
462050875349395643
3734379
5221412
2739263083175
585023312400
98134501878693391
5756943
10225
316196592800183599
688343
10722660
759915
23177803628
6428656908403996
89718855157202
141016
358124040064
3773747590
616699862311669
68685582974
7112821884
228025682789523317
68392632496470
31562731
73474
2350703084158050
57747
1420074
754452847124870
56532727001955976
635855977752944
6186464
70237097613
84417787
632484683211467127
700065385019
873194575385361418
189990172612
960974612687731
463734563
67100925579920
477954986513153
899005758308
35665947634537521
33544405396197614
424040060029605
357019001011898
6676030092305425
953319220486356
7329628118
792739731341694
97041999395
715262667483
1845026174100
94282273
25151810692755215
9152519159276
148543366
95928109652
4840952576976
8205283120340586
8176640
38691991138
50382425105
668106189916
9133687502
3343499714531
12757
18019
769547954195
9483815324964
88590275
724726
69054281
4040499949
84276915195016
331173428106
70060370654476874
768412803309854999
74734756557799026
1875182596047492
6578685942105
16503083504
43836538474759105
3449906
83760148093
97494822978960036
15991447
189825838945025924
39151
7398415595515701
12564
618035864878
337275
3652443940025174
55957565805254
94323671909
40324806601
7351824963552401
9555556985658
43902117248
109214
10595346093240310
5422108
5729022089
879769406952712
328378785
62574
721531350
40989115522544963
7854721742
139246486938000754
66488190
66779808955943921
6398725309
812399
922318554361
8988842
2948847377
910978824847
951697918551562693
7483006540789
12593451825743750
52175793224851163
10459368
78155842108261384
5541963
43428449337
788219772229428
3159309152
73720867
151828528
1579690
5112613654363131
43447496080
7620455014250330
372591752165667
934974
18102868192902165
902543
80107
8590073119780970
165947852772579863
65174334138501555
3429398583391993
7209030302389047
212348762983561
25043357295
7411171624
73418031
2015467
91968977011
636730832919
3612391551117
79222452664
185284610701928
133618
576744
87637907824
1330905720980679
696268426188
289773898739349
604540937823195
727881348969
6073304351
6224550754684
76124659251189
563895560960632088
812417942473
1070691
565250
8376730376
10937582
90079483264078
4021607604798082
9404678905980
126093811231683
238190605013700
411159957660
6561300778088
32886
7469499
5299209
612933954
9736808538286
89181
88024
7224549
47502205
735741367
863283216165
390279430640986
286477756
645597558592106
2834781980166767
6081024652121648
915232710589
84864473565630219
8793373003267
4000549389956248
57198095
68928027011905916
10445849
18373376613168156
176358773
933061169232939306
17412827937
796693
54139672537
81367
3953410496
550640799
7564519698
413318920
755635033054536
83634581719219311
56606
870646681503
7484372400120
7078168302719021
758833039488
79119
90308
96560380950
56552830
268158148747190162
13490
668258
15688141
898492
357888
428378775476
73967240423031727
83099625
248167799
14099555182413
564340180327
6471360920496041
28277552403550861
78518993048094001
40850304
19237406120
59924741
6806051633319114
2946649599986758
250725733036624
926023
720707
4478515502411517
71138964
4384827284900
11351256333
929765359989324
361374344222493
355869622768466
64016755
230424516
438541112585
1420170
414276
2802232
83740441727296468
8637105539855
2225963
6527069
4697443
29567437426
43738111
464107119
7415523
84827139166844
11057522224
7334871008
101507
5546746
786393347
436557
882310136
69373071904615
5787356
7821415822626039
5454996158082
785086844489664904
375420
278537206534879143
425082104647565
965052959154883
7571511
583026501
2509662423337702
2747661
574772668
764920679878
46661841097246411
1812501
7526328020800
107843949595971
74307033898689097
11519796371201
9359503807855055
43589029683
3750600996
725068210594528655
409820160
8802422438604731
13855684209
6918482920
7930703135187
329548847296796159
4620326
10050366768
6355016860964040
56053680930791637
67976692
8614071311
76750
19654463
189977919
37456660382687550
2388640470874254
16215039
4657330
9761145629791
3615701039967
65141
859473248396959
1851749
2558878769
11792326257
584379131465491888
6651028
7183902580620484
535378011490466
20219070839521877
11054082902840250
1044229850765
163742
4350380705
85349657043
18516962926
675170600179151852
4758109196782841
614423786148887720
645672
1219576485901608
36053
11577003
65729628
98372
8247519
308337704566964545
36800486563669
9153908301
39760543026579
4122402674043
73339637244
921008766
9060497
98401772
943070301
544924826306
6670316
3228101475566
3253246308645
8916634417
651128163
816632092853284862
78929021
95329558340802
7753166027560003
923763095515329
773046072703331
2834780880
8648771236787843
7905742125
878981
22987799721
274020928
141650700940420503
64112
42777445
675837
3239991113
903339616771092
6672341615
8654478727988653
46501805243
466516405626196
711220297409669153
50941199194157996
5953911
2391172749143
607857863288863037
1571523347201006
83593885662
776753
1226900893
54185620337850
21787401506963
1577366932576388
824639828
6366487981
4790492140817237
6882872
33746436861854
1095096
793910007
883007
7134643364746200
2209231431
3586010941274321
324608741025301
56485030766
918456
50632718762038190
19897745
406409014330
2418620649771
245328923059
79215007846064
132179938
51144
662177314984778993
362770492
9400058
16461102
55806
638077123259179
617796028724926733
445699386075832
3021524971845717
16472311674884
374611
80776481696469861
11089372553855
9016546010899
405466973142994018
44358464799
5236439
145861920
82779723069
4597692200983329
25735745820652
15668
863802
218180
137677410999
55012895596110
7505628366576
8064222
78704665500737338
4847112
1223193160715468
91529419721
327426409
335490531003909
115976
36903036082350931
8443872242127
528971672970670701
46486752639
597036656
281643
440459
678161
3904783548380
7933418892416
69522752849261
17704
254057
263640489641879
68856987889108393
9902825234630202
96522571521801557
109592009438482
54015
9563425
87714282184427
852815132484466
52503703687
7983086
824387029087897453
92322222
710413470513107108
79905759912
146708712403110
961959867965011712
54619
323182287869679
486051421077
2956497753
29384940
354214
147732589693264562
8135407873087090
339411
91121803223201
10075291608590
61199
4989300
7692095
47799307
60317
415718891
726743394483836866
88526684
93982402
731175761
87661854
28747001678557372
682554203
413522148009
22161
624655671556
774666337508
58269285872072432
37927834016593
778008537534374
90745199
92450992418
438250838716
856069
772937143147
469992968842905155
601760338908
275838
62981888584711820
73997
1350086542
57940281
8330191748
72732
55352
5573685823592978
3265695902
71121731
14461373571708
3999671317679937
1450897524
55581
523195296999839
70139808035685
83277
17197984505149
763485407
42720463353139
416179
2528669022706
3195469784
1755408380
955409687
74252279373672801
701764097
32518456062087194
983952594484885
488681120962602091
570984909113042
269995765
659984249424
629261062
499819907
4779645
6795363
8328690932794
24492749
658189692502807527
31745205243
17392396
338126833606257084
165897432204
78660269588
641220760352
2135918263
12213806365
820629113994109168
91902029416053
926642
8110318142
941204151236
90398737
950500
80778
7616238
20829922422082601
30321083263291276
550331601655493467
33594
65173
769401457054
952507352598
232951147399529461
250423729
5377636757
850862216921953
6035477065
81084292021
7155532879967452
885863926038417178
96927792
2299781815479775
7061986744
139074
56914
560414079679
7094527260556
615505157676527
4460439804843980
9629902
214422974956
598240464110414782
9318505684459859
1826842626
379182024142940
92735640988
104149485069138489
4010656076482976
315310031212
325888
949866
439149120
791153386990
4619477376772
83205454950
641690064948999892
20715
950472201281748
6406970652576
96138915841083039
89165884679400777
77387789045529
623370382
79144630514944299
81799933178577324
3694077
74188988785971442
175287249080106515
459781612841
8879951237
4604790786224379
7197298551538
8508213255882
82568088
3786241
413593
712375559775
4002966386116
41267109377
204622971883195
78283624901880368
66988562866354570
40259322377590
8640002939
47047
875149564849467375
39956856111
24181607890804280
2154621887331333
989888
48958264282721
2610509484
447079
89278719251
263828148774
365582985
84680919002140167
462442285478214
468906015213073796
529995
57734811
56169
25898683992
6568235762349
415815
5176879
277557594085
5183933
691398136212986270
21034684
2065349566012
787402626
96019673046995948
424191238434080
6279540764339583
64380
717273243648178
296639983753
3549534
67840487378681
80403923617915
266708964899
616897483603
589038818428892
2351951365883518
693984
12515
12684012
321591350506822651
601352138951291505
36962599760
5646042
52824749876
8366039
509828833054
152383
42295878642
749016977001592
695296864704975
841812105882462007
27249
15072504
175107206915271655
2667185002223
474969031530881395
149518514977408799
46870782
33596159145847271
73499624
6514160955
378893994
7193400464998
510626156828062
8275036459616
194488186541736
5262977863
906810983283374963
48681122
39098228
107162088
83275190101598141
391282884212818835
88461073558917200
12594938579
74512386484
7349048
8189106859058435
5655013810390
1764838410170
90648491223050
409075388512014356
3936268348818889
543153
824919773089541559
58082078418551975
930449530
2585980779
894024529032952
7033652313767
7224342
4395685301876
52256298475
8848223012
5266593914
8516537620420801
1275535
87724403999059
966951014
280386572
1033659191941148
804245141
14573761557
4619080757567795
704226081483887739
421182864
41278413476077993
339083790995
801395114
2932528910843
7306320
73454
17925
186601
117286624
2352982681
845335022
29518984980
69864
5362281198016
142903565206
43786940
95081014620
787319626081
139334537517662
480942167699
858636015900156810
215827687
88156
19328721
9622345
52014326
5945225832901377
9548961042137517
11691453
4524472674464215
698400382323
8505347690275502
41189529533153700
186572901391
926701
5290417475
414822437014593
3868713685
31743864
760547
6944120125510912
1590021
7093192846083
815031047543567903
5347303
5957032107745017
71778
10232617090132093
6331363
95756141699030974
94381
73704215154
95622385535690
3336378017360418
54507569097600624
424376850137367
61552784194218416
885611301096660067
945655605016770
43522408
585098168828615
348556632671110
67787461682446
543534
50558
850094133
47135988829992
405622
26150321111208
170335412563012799
627473
247500277196657
514727892667951
4829062
808162
28690
251122930181
371485187
38582
942811092
220712
635490682048
91592899370645865
492249498076377
840912
597024089123
5818804719435
48780553
942097021580
415337095412787356
1028347150
29419916
11656683
50009101125707695
32603734267580
7088977703363
163087
252674706239247
852667978
8003551
8354165051271371
47962998711
61601791752382
300567950410091328
68313473488648784
81053
7520253087671251
263917179
19841
27215696740265
8368754542
7732786928
189735232693
7857375108094273
314526785746
9916954654043411
10831753561990
234050626095081
2101213861521
6700436
763944
44217608912714
84617808
29260887224641621
656260067339335397
8788094870403
3399827097
63461880862384
444795601116979396
936769293796
47008570404900016
16679657
86627343795
8019921281
528144773227175408
932131469139993762
4550388582
8102600
5407348884
9591186
629474
84878
346340531
167299843
2035516704008
8360322186667038
16700746115210929
116409074490393259
29791641
74800052612810
46391883
6286843455547412
749050534
22918311378
2200590
539023
504595002862
916183268304313
591506858430042449
81661951727526356
646467859527688712
18243608025123575
424247999
421347
1018361659733
42313
4580876049018
2678236455365
89590037493
31978327727574
349599994276483132
4533004924
46681573045
676347495458
755408
516173956976000
220930154
770436813406
7095797646359
7619982116
453461296
43582137395
990325989201418
97265686
92629298615
9175887
7145540508
7039251478930199
976014446865
7585023375781
24238
859431930839
644964735589184
760931803
592697
801561775
61274
686764100804079
893021668398346985
75014823713
607861810984
790385303
269742
4497204504
2402597916
299616743697947
617945
6167297306813
328392252
687984211883
92565091
69336002
53598974620
6606136410
472246428896018
3380134622
1449553462364647
4643184953452
6111927693311697
37074
9324933739650
52548644044
2895625976388
427913584160136
100679964189619
168198
1813298745
19575688835629
65220
596769435083789
22062944832
40336575636
282105
7827886527
736471677
1888896295469
494384111
113449031256
9106215113
97970409356
