8582904635712
41623624963948344
68184301338
32989306
8893178866640908
688296243642
9845401
76621678168170
4627879667
121301099758686058
9603170577477
21742011
9005880710289445
4192056043
516028425005414731
51677286289708353
99430999996653
16865458870
94597
55145384441452457
6777480
932259735338990664
941153946060630665
67736
18114373079866
311542072726074
8899668031389166
45869731684
225613
415964
51751770709667
61707
56374
60907772222239
12800
8624041
848370753
73559687
46629141216666
4616512037037275
2177216807655
48013
474535468799741290
951454326623302758
958913992
962518244728373
58964689318
6826669298
7998571247
62659
77823983
38607350359489012
483904959
625985
6243801472295
945069822318878602
94299733611
537351717806859100
70569722112921463
579041
99488213763
42473
53182475165384
6172958231297721
569517137072670680
518488
333638
21722
60131195529
3817640
3685462986828667
3781175730746
7519641255103302
388379723
466603
821559663068696889
46256526093
7333447730
8467269462047
651552650
7992970
188570
244054029237
4308252896
2763627421029159
5153521698776
899003701893185
93404712745516
118019108652569222
565561
366456
4120335940969
29844040261
81285
39403981299691
8442517220146
2856700
95858358218428448
9834833714993
4345457996996
6186695354015
65449
8120082
4712646569
33424325222249233
304953202371437
764112728074
29617764896
71932889
724729170513
221870862
580990959632796
77793898
87772606951744918
92546728317
86909874
799313
762630640
5728155428914
769858093966752
283925748331374434
33123
5651543
68180
52463069
6180885461
27171
19324341268
582945
657852298409477214
667622024072
18168
648289475942454890
86548465
644189833497799259
3634040413
72170719419
8236824327
81553652137791
889975
81025481877845984
7387741
22248
7414224730
824053
182897157116504852
850711971170
5436121715
853672165
190620675323859
34377
971437
8291294907
121917131587978380
2220746754993
298356255801427369
4952765049719
6738995722422
53046176889441391
430386980689
5853801845635060
486085
35758872284377
6134973
4234390
478745238219
647740
1554129046
9501805
5410674
50735
522048824641
74865484047426411
48048392245
71026366060
11009604288032287
103790499
58106585977688758
5238974475513
3279162919303
310392
565185181769379194
810053102368
5573576727
8727685970
20237168510337274
5205624853251179
20051214
15274517
622567
703196271079980
69825803952
210427532
4159980537902
24132859
800463
5635776299054
48190
75008412012
8988730383
662463
127451694737923077
98699804743
5632223452
318821540988
970885
1760081730
73843064247
167761465
641627
7914623873154
389610043643995
6375869
4613520
99048755867232558
401980005219
19631210424025970
747363676963852
838991342403257
46498744439498
242895980025971582
8478591
243938890684
388039
748692521386
6131996
89206
97253846086
6269279
434801
94921712468392363
44221441172
17316448
6083929542528
13218429
6295228
574876271
9371234025671726
2353546981
25937728
268911
44656488710438
140110
36696333
95048918
787774400752943
75427
129742510
79618727193544159
16042210116
1151834
79614421074437
33138720968548232
6891047
374250282396
1380880809
9072278716212877
658162944198722
443369442354364
326590109153
5085339863036
500578602671062
190284
797169556784
872401232790
65994283335
84390088002
932260
793931415050
31524
813026921856842483
8377957309064
2934957119067
1029687
8303030
390138091
326326502
484508561
96237911585062
1881054238483677
16063
48279477441831181
9353396734247
6005048
651557148
4120739131
952958204705236017
261736329245758638
73044943164
78634068202916
18279755545291837
626148889
269853
7976772112
509842
1368537324502
8939769610
4262274
7717837777100730
2918729312582392
677571299910713013
3287143
3471815841145
906342475
2168999818579471
5544325758683323
770860045540
985986123536260
43978791123077934
745615
734746
64446346166
43662
49029117778967439
289212165638693
32630847
9570955
607791380721
571006
30417034675859
140992
54673
40305649454315543
810507652530490
66930474243
233128487433
8539700
223064494879085
605998797
5736014132
2231828685803
86531581401473
79333211080685694
6566886323
246777632205755073
48902971
76720793584466
306401153603
2792112
9918405999148701
349382
33074337367625848
36383240425218330
5409200479406
40525
88929882574208363
5394906837271
12716
408501
2908900351
8427421
822174424425114682
689732
869179118064559
4733137745
4318834030500
59003356283642803
174485511648
52596299044
4284701260717425
33717616004376
454750540
8409886661816961
12664669338101524
60248124131109843
43565087406370
5053340907705469
8174232831101258
6893339729762324
54130882
662692831887620
2446683701214
869034212
7174149641245
502400270960
58463931502082
67412651
141198354595
14276625359958
8952865568071670
70929483444168
183024706
4900117210551075
123095711372786206
813841499767203398
196562
9557598954976
601031949575
91670374924012
9356343945286048
19889181291
1867804165457916
97901198382508891
349553852
1015589584
993931942136762859
21571023
96375
8391528062564
731938
815274390318307696
632303237901
5901149242584412
2429275790
3414055897371639
34106068670952835
8932444
141478466375816
729574068506
95317152
65824145603272
4295395293708
3716476359459437
12718044018
6012110206
80394236971514
26799
42801941820
81638955320071
36167425
475955359912749109
34098447450293
10803993981953
6459255445584924
2723534
48677532
371253636479
40744036734085
70969379131690
72375
96060822080190
2238839036425
2042570823679453
4843810616799320
720240220247034667
431262909
78745923832266303
2597984483310746
8318717829
6462641879
590771746276536725
140401130718
4682210060947
3642981761
355060185
748878694602686
43217
48766116
55353460942371
2552058896
775303785648152
98015990824
5529011667
9319216976669
5850631873881996
8988289051
82317103069229919
575385
336246467
675137027560567419
9010498829739811
2012968294492626
270794
2246747966147941
388318632757
68259327
665031349604356
219417
9000424247047
4196126
808632
5382821
531539112871
223914637
91481
63292
90843389632092196
476508
5654551
258436317481446860
564935764095
235984406388717921
359235083562920370
4888268629841
1955182872
44155
41458119154
8765973570535558
12228
2762183
7628683
6940099779
1732065
87946868796599189
789709
96927694928
971335287754162
54348
30749577284910
51459
64204358842
210956892537015
8817042735762220
29341613280729583
4927614690907
47100
7191227
35184771442456
55578961272
490276775452644
90999
8473516168162
546670
41497616
854567652927419
466027
7575796935056
56437513762079
233766512522
5263546097813055
8545828
115197928006381236
18439513204
4107253523
50242
75102
234899383959603417
4066914208
30916433174850
2321972132432977
870060857
98151411
28183535405
6895895
626269080145
466115309
4212672
180627974603
23878
32468510885
5738904724
373558036795
8421642790047
568160583690945509
769673404
28631904
43229650728
856011003220
662965
49118
285213087093301680
49190
313064975617920
218634136375
712158350629
3688696939
87535704421
9184657
554094013039
3828162835823
2167491777
914286198751
26787826742
13160393
5463191613221
222115437035357918
43394377
5784385
826772
825175709791607731
7920352584413
3624964
11687110272657
633808
14836965967360
54134457913
30796314195119645
7376906803112927
61725136691
99667002
64909
188013069
6492376489899107
8354168043
8166320702590797
67135041551
9356679647544
862501870826407110
9847743957718
344160844
562019769329780
37745441053727
36270042123
9772519841980
210960
3312146343362
554865834310347
521588421
8646749293141
316962419
588143260
612377073
340077546
584287809211
65436400345395008
46402760461182
1605407
8457209852108230
521895788051958
9587413
9053519
356064926398766610
6462835144016
19649407989236854
8680870871181478
20078248341
131251651
55988650
97911965026066042
325391
45114
8484087471
458357924205433336
45250749474115
59044
715026
8601302741019
93575041780764879
744160
177918119150596
6695946612415575
7967947502
2274748599507146
1722888325415
46145
975708095
7688643
62566102215409202
95756095700566
5172702
2141729284639122
1497643
972923098559
8940982561193
2759873
7847971025755949
49690483910
104058
24369677850534981
9623237
465087
75060789
263265148
74421800807
7596800759743038
922459
2151536
6780254
23509941286079621
885937
90784457
301957
71940817419
956798148
76024498106
99492299
5309902
846039098864
881218
232020703
9105497796880669
25313917
2398165288649
76925140441378300
960162842340257
17379409359168
66571574492
21806118698671
9447681515444934
24741575
1077303697122
371145383417832306
7129192114
6744028512
279249724520035
54006151307464
80435721376328
3897041
747687
701784
12426191035908071
22947837
74170911
37688
2673703
15569593762730021
30675438468562
63946923737810
430263837574
781349298066
95588801
9345039
6593364881
3474267384528
3481604
83525
43350412459762
3544369
49335021234
289596665
41350458
761275
5274546105
13598388391
6471529876
73301830244
715349659824706556
146892032323
8045184521468
443524155132
2059010358208330
34034610806289671
59588438
938709886
18340252802282
93363326
5139405004854938
221849
908642258636322291
702870068917
911913342440256
37579769860864746
63068699
12267534535519
87888
81282906356586
7315418
332907934783724368
25577718
62581
4942482340096
4830720018
632643950154882
752300514601955
927563709339926142
2258881
4079677590
1792643561554941
243391444046160
7373416
382793283391727
247076249274
66713680894138370
21371377050
21625396
149679691086613
7280641
921353798695426
25961264774103
243596158116000027
98347
5588495227127480
564663022079467434
727387874
180033247288448911
877687552827797
740813612574
108625050438
32377285248
441964513
458808
64039971616391
265069132174
33370575619145
9584037691
523961194518662
13064533713325376
28518168039
817975238
73926311128
9941921253687
446814113
64136
1209646
335664844994209
95366237836624
30712147482
52554157
26851849130410
53745750
575360
57536
2203773830328
71948586548550
83722074876
577775541517
38018504173
86806476352009
38227421437
72302352141773252
1744225919583691
399560997279344
7291003207307737
963557007
5521932896941
983796395
2587443373
31608
66880049818746
801674348987
3005631622375636
593289592728195
97638606310
593074864031901
35434034710348
461471330134981
84874743134
8214854212
9437829352935
78227100601
2504342014887
123882785619
66075
8390855933839243
1856229977063
13645186827526
33156246959
599640
125698690
887363992533
38368140
175012558583185
5589720
76971
752899190
5815565271
601936701660
123186194
41670966458
81194675026
8092023670
52788
9431699925080859
30410
7121577
70748
5723697898014751
32777361118045
1953830886323
52946215588559590
4441121157795147
98360789741
2810803091
13323129070009
33091946717611
298589615562
303862
7528767
560186918240917880
25089793
80705051021
85543281185
342330
435122062
1646078432323
13853294980429750
72165643791
94548466192
5821278910270
988938733
5648543173294281
38890166473865
25482475588
972567237586
43747242105427
9456799023326
240221842696
45147364865581
5138173015
87156988840
87667437358043066
9501745029783
370956547757
17282999
508782974012049
96811
284300
3342812161016
11264719891414
7844603437452
26498902590201790
12851760655
9784937621
2090334802
34796049
559117154374725009
65009032609
1647656592409
417717231795088318
53182087548611884
9935478388847908
43232303299688226
88400916311
32023456108727123
82596
273410566755
76216842277050732
734671
4395132
59026906795
35287476766577
422274170603461851
263019256710551
64176258950007702
983297041
97628643860851958
27820258
584280302
616071517262096099
8134693
2650765940897
7459792763003
421165843935033753
271154265243425761
711785003665640
990508074805
42835312
523068496202015039
5202076770910
80202412471
975006
96148629031685
78611081683782
182062
590793731734626617
69804687983
87844696683
571189101
5440992758577
4068401969458
81347
3100860149904417
943384334940
555538057450
19686862
49105
2044514
271893
7345478861
68582
4308085
993697957018556334
57571676
256208
2772778699184
5995612330825
573132979
98773
402877512
17229946374267331
515860193191287493
7645667257
1266996139245
503829
190680049439636
3560812097
46046
770251051
5665374
635676249407
69295
4705680
334545820
962485030287
18114341165767196
388830999661844205
1562201
279215851429799
5422381553485
622094500
99675
239021
75253889884457
69042820
2659338
986207253846866
2256357374087
68390410723618
6984413280678
586224698
282450277
75251514393423735
89684319083427
4058186789786
9646320076839976
178184848811
6362875114008
68291257
5248061708303676
872242529134
9934227829391
97310464389989
6815875636458
3479764216
3082233605
2531246511
96102884
35780550
923207
909280
766929743
628438199770934
18098580348
3228250882387631
421081
29498117253767
488000212384
2807299
81794884
6915189886526
9496222452201460
486025759775
639800154169
57845101
83122
195986855239
9388748374
6776714318383120
79114
23859395843
258768563473726849
9180931638311
53524987
98507455233235
229372600322638344
232360
435197
51604750586
83529944173633524
9478814178400776
340097
6044250392
9097906062
541768
9036754943494183
7021419
255945745157
111756
421566715984240
4325046723386
88063
18797
8861779921743
70223995932259311
6656573
1796469743669
3224511493
45114183585
688452711815798
4505669724
826341557204703
66958906568
226831868300157027
7688778191094
955587941761352
789656
6051623473870
610161347
82821573
558987165495
499955928
522648570752631
921123607652387358
712474223801074
23906198063786561
24972268
38739
78584868925442
729960517
772092014
3372026
9005149349147989
81309004
805728710411688
7882837
68299273499
871465272347021717
37356299492187
45197
809164218
4557303
7274235
2233053
85900400483271
83259582825
232756885152389
641759279
48141081
899154332711231055
9705391195627
8837000953
317364647066845709
55273411039
446417645735
63382514780351
551119191818737984
932302857
22092214417
12445894
324600405278200
957541195
9693061
3425193785041443
1331611618314817
87587
9580756995443245
3568008
83086819332
914969458343193316
35140801901829
6313030037
663530580
866582590
1803286201817468
1684731057936216
854858600954092451
340833377651410242
12314
98115
693088018159261033
4114259097634897
63644910
880246123
782226672791
875429120
158497714854
6150724925784175
39249531
35648933375102406
8252579565
407510
8045648702049
917235455026221
821225679875641
58382068
30223
54832068
240101655
415917698346965857
6285600563
566877
3849921143721342
45860
975331190394
60280531
3096366273751341
519631005212801
671644086140
77573
79369048361
690915199369540
174150087636547556
452447047457071977
178596949274
11965647150526
6828504298816
96720
436794472826
8749446
68690
640420175389966
5565641074
2980758855
458488232722815029
18631572
1966332
793586419622
896345835186
709337061284272
835960656351657
4017193077
595918
4342994604
2738568
8762881992932974
7812840419280
3972173
641912956441
10688
26957354952170
94713
36846581
5037113636540
33506118548222
29107958261358
817373078992
32308811800735019
68684050
95538539289
7917701416
3684147
195393
679789395027885306
311359613693777959
7239907087985
2585325243402
2851208157044330
5211070774480511
92185218
97343044072510538
41863156478
710624293810
545422230
89255193462513
717832571331
2547806661650624
5684704
6879499784933
233841014215077517
7072981423644730
2069004
819225
387991500547645686
184377413
4311899194971
1029145692565
15010496791938
6966074532266708
5368398173756271
10085
327544
892584737226010234
621974
298806956469044
19854245
59878603669962
4545432377
881036959825115629
32973
7067753
48412607192985639
185012905455
37794025720452065
8657528451
434356400489206
92156
1682609490
25674149416615240
668143560262327046
24926388315789810
981881518252
89838560381121900
50549346574
283824490
32151
492353804
148203155163207371
13267
35298426
48857889207
7330139728
232998070490196197
8018165788283106
8690173859858
7213847008671991
741300
21808470
2348175420883131
5353042397
331110
9614154
72382293950784135
4874319640
9477807
30541408622
967124365539438
796205480
84738583991556511
5147403354408
46246600152347050
7129929294359697
61412430552820504
3602628
4549894938
637628
78665558196518431
7392971
5156789065367
641486368
2521427836446466
214514225
92029492160831
91244
691219153613228
860252532713
6243747719293404
362316829827
61152
27916
5232320875873615
640039579
3543464719
391456029332
76437
49179093495114
672831636
635143613209
335223749908599
658821875
1456187
10700
164993025113511
400508145056095
68316613
693655950
972433
80439064223230299
7268360035317893
7232810323711602
736661189927
767712723107
50387824881687
388338844997406606
53871115
824804856550138625
745065140139669885
41831
66282075
92813024053367
752428508842
69441804835
75978564722743
1011641100116361
879957794568800
77931721898542
11124429035938950
801241
286461
64404178732
93440440182603413
723268754733
314362604
944250
2625896900751530
34443772489879
12524
20137231421181
56017110797100
10439721272
91649853565663
372473385
29681249245602035
6834318
24930286
64569
55813213236460355
5955456329
838180025997
275206
91092498740518031
732286175
262595762670
4800313620
1687573629079
4935726854
658852
1827348
611184
3669292299
23407925
8697869202235
246361287544
97836374
15711
64400327
74822
6463161354
77682075167
131359
56661013172311
168350851176904180
123958191917228
1125834439
71806338031572230
34822
7978895073
9898983222
152711224057678574
2571178935463
490106833635
125255771
105885496
77591027
1002607
359000741
30985
925697715602478059
6203796838373649
64771216161400747
9405128
13375535
9964341833
732962410677
129492
4454593154697298
61951
6989320768007846
5933888397
92149833861554
3674954
5926888102513
683481
5234759214
56776678552708917
74479089412
12237
455200997378
94737532254102963
812991060
1386344
3224257437397
11875
44660
7516430246
8588637236812
65331028868
24260402488
6642243378639473
9187282
3197288
4639077964178870
278865290
1598104
470573068115
923414009185
75641384029317036
50823600
317566507797200
436280160275040
4382074207450
2919484593747737
477697246125994
19693
3243418763913162
127977472735748
29095213
7541374402
6276698570
583833761854964528
38814826955
36818
24766690381547100
95009497603045
77983480396690
6555395702856
45297755149758
2143699
321238371600809404
4476816
97780067845625292
57464
17329
8258925813150800
930592745
9219875
4084062561
1160018597635346
357196652662220
93881774074910
857457656650032
39751696
51328747034
679318487786629
2535769
98384
7061651
77407495554
238037038073
93574189180
5852030736263
313631761498839509
65327
39860829799664452
3872306321956713
58031250753398942
58157
36214427
33455395880684
9581797
17002834727066134
12396
22444
2398896984267
4499865633396561
33653
49581581
6332139944515
58913
87992086
1820038205598143
263158735434
7030872154305
30913434781301574
9079861951
15039480804957995
688151
63045
5054275181
635346
8580266024000130
4541901076933501
47866165337775
134494438522364
685011459
4784281284
776940
580030128074670
598319489
16008315015886
1127425670
820681791
73786829726873
5026948868398
8060853884154
6813623
745122187871
279609886591796085
332561835554034
28727
641213226666084
63023726235256
50619124167580
566229634538948086
2840272
259724691076311958
39239585489149
40451844225
9336968676313
61821045146067854
9606079060838
9918333815680
290055
921478461590
227724692636
60050029073243450
68956364929609
4586495442
159235471812843
4041132760536
532430035557358
1169280691415751
8323055109368755
35474901669287
53663045036985
469687357706
46658136391928
47220664
887963827580280
814774319019819814
468357
7804184349171477
59586637
591606
754302
960599084
5934816
96846646021505
8530002
79299839609029913
379905260629572406
69358393
5004463234512
99878492819269
45890291669920124
64468127503
8080627138144
73571817508774
983669077735
20012179307
1223427186156886
4789813283396
72027
479136
720838
39726547443465
640924337
380482775654
1346510689803833
8559935073111
8692172
5404267
8689955616778428
1296671
278466794503125
88683339219985037
71068069850162791
78726720992042
23586
307049
310337798263687439
523568499
415718965516
443584024027591
574965757386939955
76570318692079
824246819458193
646695862628991015
86310
1669401860657189
4479023740303810
1941235871614118
33053
960551914
382633
472407742
14496916981405416
70122950844
42007572851143834
34961221
39823647259366259
372987
498443683392505
64179847192
2516768117379
25422889013478939
4174333441797034
7524959597039
1549500
9331811513254
692750863317
5613401586
310617085695
16926111288
49781868252
8927816993110412
1443350
3178453
847357024475388
979788271650307
498585676464322
15358967
5726622
953167
839494826400665311
4275030
680322335720052
73563668
33508334584826
315654178722200845
244839092462297
724088829123
91149577159736814
5791893080603713
3654989739261
328181558262036
776948215
474816
459650425656
42599198
695086436385086639
547822
59677428320265439
62075
25695
82539814552620
28801795
4308323579
2624949134471787
375450935220899
761700668928103806
19294515698
6111467
84360136641265462
9744899771699
6543302216827
245539
23924391519377
1439404
610382973
1523008537129228
5863224544018709
519876294048
536380405704240017
593698916
54115250
684317567449
48003
2506900151111329
482161941412197
9668386537
70930465
507893
1746483791304
52153087
39054721715252
21644960442
40091391
3211158859798
11227547249
986838385373537009
77368891810454494
827423688913024456
81072703
819098
521617219437
437898081
454006444172386655
6392470748955489
6847644
5687524
4489052651
520919247624485842
9600547808
7274632731644751
83496113192
170287
880336166585
415575475909777005
59292
82833989282
1455412980
91240266274037813
43555800
848477
81587706995508
8825866951
46075774421158
3396395581633302
746220847
3176721903
3556063193127
51341513
703065113
635989902348
713600192
6981259
388429141
362046100
39107210273515
549827194
645232828328
2624982627
76853
21504462196535
207873767585
801512696
12759115034
631949854942796009
566245
794725223
53168
797137019154078295
9331548797
3581505773452956
78441421239
952993
57263401983156
74123423293207210
1777958992629006
8392303969173845
7868795327688743
25099406625635
21705
8067598929
12486
61271385
9006920784712
99879580770719
50955149888772582
405520349330169162
8993887156581597
897923649906
81497
729846903275147
28694
77846233641565246
957854316414506
254933179424600263
72441835644
587113888970475
171404
271622910
2271211515
24760822120253619
4506350221
102225295362735383
82618831470746
7501423
5142715618373
26976201207167
6278645756
9400619488139
6641799924906670
54134302
11781
488231339664
8823411076472
9521944699679531
704448
7906142937
7757888192
4331335339
725704319454989587
18683729540399
3846220368457239
77960424501263
2527246101
1931041702
36607047404241
7837032826229470
52111154
53970483797835
7707173597
9523112
6954159375460730
71204204233
4239500
747329
239434259530
258733
67035658474304175
96789396271698173
6970208061933
83339199
856853765
6833923856428
38927885
7843631
65040699936999579
808893
43530594
41628267
94558038055491
740658
289923843226160
2180348629037962
8667013
443408457542351
251223745
7168320666431055
380441
8344518325875
3742608128
96496761756801925
876827808725481
250661330883
9674371186788
17930340
914922728524373
288115196736449366
9214616494945
393766771158
913647733140883
62123
52989443
78990615121764392
9540676
248393656
273665346169
932314873
7254682461215126
6506590299202
70161
9346604820
132691456595675
9267975284878384
1064859836
6586322892160
7437860620
743888
26000422
8409597750
2210324650957798
24151
225585440
3546066194
1240986417966
54556984515
836088708401354
33066135522204766
32938200
954636908595
60397639
707797778554474
27772809249721836
502112077170717
275603
26424941489034771
823278213
924490059199
96543
8262226134
860527064165511
197484940533009330
1550163099083
667439592106846364
2615686681
24694423810
4176554185784264
918103505
8738351100
6469131
221806
125218137280160
4649828490427597
91108959748036624
82126436220
42888059
956796193
391519
90547909922118011
971657190976103361
2992385722
39275291200374510
43585
214746257324096619
9659129027
1327170160123555
709930143823242
30072166424
863371623529157592
562823207390533897
292521554906976
9414466
83060
87546357087870439
775789624
167601183143
5605966867656
798129754777
733723
33832975348641
85058488030644434
373135505
21993637
9500718934
1761785766713
3807757
7150819
8630274244088144
882787
55873449930
171873931
19346363
835503689241280167
453223812691
739994743
474483
34687122
4601188251041
64334855258271
6838969926691207
591448799
1024794451320042
561545137027646153
2151694995923647
5405052813
317928227621078
66718722929125
6558567
957206193218155
34782011
363492464
26917459532
8075825784
72629555772793
456361798
72925580015
59471971
519586
9256386991547
827557126043
35985
33659582588064
1995362661611713
9747842738677884
274952
3553583238956
142460187
223591
511190865524287093
54099
470369348
4465979464380
608863058
30755180416
465990971
8323359
51251140260649
9758528048718722
900704
56478484123149940
20678528183646663
12362096
144196455211636
153096112256629189
619010831999763
638547135485388538
606253
74650346312552
4402785602132
1118827011432735
9435892690
93421570307246133
680061703076862822
5607787954267
4098648465958448
266484
3200510119072618
1452464
721118
776916854730302
3672480200
2033169991
88929936719
920233890258408
738153678669
93061224686760364
7295579
5501946550516
521442463482892
32272246939033
3836431894
105082
55554917714
80853498030
349277502239182882
427654
793455400295917
939527
97916637206693
55281432
8294833340690
60846277
4145240560
318173469
7045959812320
5310564563
15126714503
758731073362607
38362124584
5296937663086
47321166043
286811334068339120
561973531058
67236872978061
54897870295796
83255006807159
203628479
13679626187769
266768
326898
84966817391470
9688611491514936
9587509
96671965
93177081
31040771
9558209991
7888263733805
4905475237419
7133231811
5312046311606686
75784183012
67577617
2319157
568481
75429750335643
689759303610
233152010
64912359
4747851
509264997511586735
331251553042
1705788325841
960218
83683758411
6484740
694533178
5384413
739642061507
60686
3182821380
4854648
17303090709706169
469509323164652
47647
28016956406
40542256502358
157720528692
254405690457
461323
3055541083098
7134311514483075
8382703407931
98557
515531164667518
322375654969252951
65222169730
57723675035
119289748428495
961802
4256363
93740
595644525748
187539770727
76496
9859927299
6348335047
7052452271716
78652
41748
7009429052
7072430493946
72339375699
27509
241849
513459224327
136207
8150384423713235
89609694615501360
280371147254868
1296894
89898
910305746775
395078830485755978
25975107089
609985227990888
221222102875
74229367509
2965438028916
94535
23953540
8677115530219
5805743330
8600588908674
87366421980444
43745868738
352329153517530943
29685123606688
7877399895295
25865946310882
64315301
724195
49323
3759042514424920
3038081
406026341410488301
8365727
4364079718888311
351704
27639605
2758398449352283
92964559208
222724348
90547
1383759473581568
25736669829878
93669103
24808670648728
76753867324
521677391703043850
32234349193856016
74261814
32252860
269934643
98575358
67354842
787479054673737
2571167828
43403949561
1583784449
418863730430620565
91493327
115202
42305700881
867481
43576633279680495
783875
5541789558674310
801112785254915
250607974
834075263108788648
291306647873755772
58993237
19969808607907343
75191413
8783633722291545
371080143
929336
36850828554046336
470086
3737306
919351019124674312
4686825652577
17080
3233136471820
3693328810323
818855949
9851452188147
375500204429858251
68033367
8595718905519
3301046049772398
3512954255
62846908787
14805
9538586
746988550457
52562
40710479
35354877186135
9839205258
28543971134
137824492807645
675714452714
37703262366020102
39039927
3251360355
608884
8151014886810156
596337620
70523857374202513
61856973
90896935
856347726727433
7236636607996518
948426001161003
5474596
972789
3311022471483
131539100066564396
2099678080082963
5541708704698154
243637493363410844
5054676534056
15604547471769910
9359845521
76909051324937403
261541922442258176
45498888038883305
308371513
23814362389
295505
17854405469146
8676562923
444777482420884
676668618918543601
887083
475172
501275
300106793176628
396776816834987
3354268416314962
922671941653610077
974168
1290180461421872
3896110595
80559440036460586
144299401704328289
281918270680
210796727529281031
93421456
420537186414757003
9719467202384
767487739
3681805882076509
899228384265234631
7913233707400
234770509600
9833141514658
110053
188239455787712517
4280173547978374
9298348817216782
49944052
89890914863215102
51129299162637971
88161
825967046700948
17229696633
985215164
6137661884
10981442
54583589753442
63439168
117401551
1917399987
569183654297292
241281
53152684
83675129500
4933004
25537
97875889982
561590217
98819293098
453006
7785153
66181
191687971150
93546634841
16160254885
875888584284944927
21574411396290
4930721540195
581012094788
3388270071148614
68312809421
20968016507896
81913571764974
478118
88002052
142571491
4900372
546441829224585
80604390327487
734109463248344
4477576806350
591045
984988354
31052517645767
4138311180637
13159
686369
475748660
4528234618969
32769665234
10077
964993
52243178935
42678935599
963487314996452204
6038458905
3766042808
36347848
489454237534801166
966047739
182762977892
6872729489
296871989508296880
78450
1661323581
25140521
15335531
338008689174
52613
7217824
7506179998
35210068292300
12863311490
24638
5236750
28081128894
2810179753397041
52667827528604
949246503
25839829994162608
821184591262890132
618472
3262814
686358343687
520507268848153
73798729539343065
95098
837745907242731270
8992373
52319171897877706
41852
7911733575103
21760
609092471
543012398242387
431470785
3447570481885253
623105925331
321108787387707962
3305520947969
9029594948437
977004877892120
66580193859994342
71225901698
45379312980
322374094716545603
1169129414
33936419
4147948816
91647933859
10193638
41740
826648849
4331657023
947873699
3981502
3181310973180
74279
320595893
414359844022
34027900
740902398950
44387440103814
2073921101863228
37767
135152822731641
6089912232675
21034364690
691041199306
538445532
59082030908195
125357125010003526
85563
76033115
3077825858105568
724718
797403204818536
943405094747590
68774
203559921192510784
5422293
30895289494
94800085504879
21022088952549770
710025622720847
6126519510584
769320
1711528177911
3088041
9301698037445
742651530
6730002456910
21053406156357661
71526
181775415761541532
