76860518343286
46892861386254
30364
76282704
183109
79513542041993955
14596705858632
791697607892
58043725182162617
4661584872680836
24915307574500
9373664
14138701077354
119728123
15959090248990
21894706813995
91412678910327
2401228454
76756921851981821
293499
88962189786604738
291550125418243125
5826302
227463
4086110264
63197922
264722724799
313998502943708
47481458210
109120647655
15543958665457
11013404574386
537895
556890432766394281
947478379
604026
591498607
4247456291
7440573242
52207
4933346
71847037
65821322866
7310250
5853497746701
7501476880239
4882204494516
63555457497073976
89995102696339
7111324150
515605982710
735601286573
8645625389
3060072529
22149350590880
392234332881465930
259893743987
295885
15831575117084677
9909553213235
91184953213945618
785529
806520217
286942000253846
4114356
59352352524
16690
637924945932911
43230500456757577
991826
1753467055158174
639406775349
8732625
789095603
84799494522076
64802920
940585010094
249295163
785810701
624270
364854250739
6931225668676915
29504724317
24714855
5201077
416152169325718952
999897329562
53192751311260472
8819372118017
9334076399
16047
68424319442944
6952863720971299
270627378
36277
385783826152
517710421298777547
491921916508886
61228064038710427
5597354709
310429019
820560744548
63890319530
30264387
89287259044039
5933379824202306
73519559
7159248103479
1013039337045545
557238162188611211
607512720577
4815132184218219
448521681579345907
554452982371597500
488546230837064569
34977960
2074671
92815999169213013
4023655852976
93263
82407160024561
922731369526838141
682081661172919612
7880260948758
89626
52072969
4535929
471135602636
25488
541854312026798562
16028624179010
24443491
60052817115145
337440986
48863
334834
3833190435
30437
69785
835094871268928
4854111
349245356
24872969987193
2937015697794
932061526521356037
524651802591243
734720
153969851361856
4315484121
19661307776125259
249424
3536077
775145
46577569
9138264255501
66349510896
570204198
753937103996043126
9351427423
466171276966
2379616664204065
42678320260
3449150774402
9694856326876
289010167604462
99064390240346842
5158137489163063
490904940483034827
43825074378
5017154682776295
48835741
36355406613058327
872224512332207551
37864711910
593729665238844130
1986546845849
97642
2697560513445092
681923
3317145517388249
579610631141148
5218300699447
215979
78919461437
486152628293637
713822040
22048593
39966344265738
20913461
48331639
45677103829
24202589142105435
965045845848636
50076355576
7345536390072095
999091362
5870969608
5802726739
4852791087
165521
348935719868310342
559084064360661
75062174739
204643438805700
2075659
1935477298200648
695936502
2281401816046
55633215759
1749777282263
1881266
713925
678694453025
622434618233473
393803073138268
92133601434158645
87227225252230965
152153928099210
754331996
74818742232
3939238658
8768319550
3819052
8008938341200
4967414938
1880982
9736838
23231394219910600
3182549005
478349558649
390587000
140511280783565
64187263050
9520372075
8352713
1393142697636
9155057
75710981
6189629855
3085683
380804300
8182565206104
397766302262611
47662857
8025906762
52979591782636
147571447744071195
243050
3726212
457264623953499785
355636685
164962588567
78414670362
259478780286771
788356801577795
870446786400
40107902003413058
73506675399553512
14551426705179
4771990475224893
87753723723
92560450
73865928890
894281792039809
672160245580393265
86080557
298756803231463790
7865160585
163431
8268694
7761064
4200882539853846
10223354048
234319172
6423776
910629492
4174200860690
582505824982109757
807315281
717495583
16808493
15069
226369
18950458199790
7680289450
320796618179083787
1814702614605
451100
989895573
78007818
47743345796528
97212499523758971
308352
829842
39344516620127
176439937788
56340579
970366946489050716
861914025
981535417
95872134656719230
454023
9303720
9481657311734266
228803539089
6054429739
5878265464843958
87963198424910
4814868959
763511777
1833610
47937269
480565
7169674481356
1469771
223394824489705137
123046
6812483
4546801215200
5251533607009
4548825726292
95537616661025108
9387537372946
81637417683
9122896
5725196595433228
4471590633426102
3261018
883636
8286511
93250340
43322882354175
2012700665
4319359468710967
29853
22648684981641440
531281450
22996831626781
5473943139
4326081
5428029367149852
923892110
410646724605049
26813614
432125
7896123550160
6468426929186
13730
417560756
866293750146121
340203765218264
74505617765
197373146152
9633651602070
9113167536
796853251
84466
26339395092551
1869714
3695382355
4338071452
6620897
97413302219521
8603373434540396
9742428642625577
161522939
7399395494670
5931029
67014
7449461014
4096052131544565
65402
6368823262210
72656532039886
30429425530162448
11714534001224611
4237258510336
569787407797504
9122689875657
78141
675611469
238223085128966626
1920855671504343
103625408660705269
13752656622
74547
6390566454827725
7532404709170168
778797
202953689642
573563
8380616979
970092327875
533821143697126081
314992867
11369898
49228689
289622474229629349
4815094621
3660139
916791090314761929
559559904277422
12066
74618047581639468
39702
758423
448005627670
94444
13580
3433862
67023
86524549666
769119202492766346
97919866339959727
150831510780505
22263402042632394
179618
206695826344
62824404642
900017447356
166402168280
328136
76565966
9819750245443955
89766286
8768940341464050
682609
726684990
500675046234541122
867869400
8138946
38505788056
10255324073183150
31147873037565
4447767503630466
4237851975
96645
645069563931413003
64293112
933514165408
220455151484
8348007518101
322473068
841489000806
57533553336
157509023694152
80817393721380
223305
3692832811
759438384
124709
3431330464841920
5842563762
977658428124
6705206750473
1940832940
730435
81073596
9535759813
3426971
762909
206928838797
875633
84850385599
37642960466043831
4629832
646939280180940963
747623351
3383374739224
48201
44756
447543010469211765
433460351579
504349390663
410890605278
334280616
538733362
117367098
18765
7214912923122
6546940193836
30644629
70071500
88094934254834909
22857212190513
31079041
734292759576476296
9446833913477177
988344399685394
42983748362455984
75320671
134829839998223167
8540401342395814
4256163384
18902706
1714952810608
34113260863831
1869080996
285873
356355971794403402
920372071794
560635089
282692077
79820702436
535469359323926257
1072969736396330
95994474958725105
74993577562144917
908564386598104849
124862340639170
29939
67598
65115369619440425
32119971
9449426198772
147658404
2154111858513
51161
683588387070373
57902
73966
17921240110934
12751
41753770373
54737121
49541379565659
850391264676546922
70643076
11605390817545
53623507620
94529867882621226
581812504399
59544
630528959
703266505075083077
243437056302745
1402602497255648
226453035205659
15008099514491758
131252155579
772882634814925720
846423558921
2446376762831907
14878094487
491967373953142606
64093
987166337339895115
2992122041173707
82433389140763
6292462608177548
985413820
8299438451459
111803
71611
81094
421017832821
99834677704484
6698761520
564690984677985259
7885930
781422355955696803
7409533188
9790506177303
424172935284549
2551200603344670
44097
99372125575972
241572930579858
988996554433867823
65025979
57610425543
39742
186545026027608260
249239
453303836936972
304307778
96503
219323540225977530
34405
641026971793588
83788
204826
230046877775510
172969401
15518
394810
15838345444511
5041324573316
294580
1450759161205555
76750195
2873580484904803
53361376312820447
853321317655552
610293643438095
384383
8707108098271486
23145
396545632556607
355506891058
555748851180356694
891655296160425
807222339
9069879794
2541559537
171108584358562
7973134243
