106314732
5949280538
16051080084564891
217656578903
799891358894
591268
334688835
5749899
3701575982
2470268
211933562503
71911
83925238
8273269
78503
784454670139988
64119
705455
74629
877123153385420
7324484368846
929109393013062
868815921360577
595187653619
2508084900986422
4868677425486414
905347568505545538
457519
3455867
302717
603662950453716971
3675510022
596512
51758
18918928499
61596964269114
97280700886
322940472740152
26441886947712970
7050278650415
386880228216776852
57644926164645
750920785
5907800941893711
495131566203884
8551689835
138448
90172952488650875
948864
786828839
20671608516
370621335642926
11908
61182270
75224140915
914415278967170693
476362545
367160688
995835357396
8040794667
99512479682
8560220638367487
5457514203222
223737249
853180322564763746
77371828567423267
7935886476393
739545227411429
7825485073
299343
3380269514
38247837057223
199041634114938
23289253290658080
16042
801566
118205787837790
151571120492531325
452277880268182745
2120310607104
16932542681838
711760
6214822498942754
8999950432330433
81952875697
825594449023
881068241594647
983891364315498677
15900026408685
750242032983657645
799765883751
696987465
915123
69080
619661847555787830
90445
431432926046166180
68452
259011011983341107
8761735
89988271490459873
9942677
3060270
986980402082
549866453716107
265538594
842346237312
42987599263925374
904314
3920591
975842538057859714
5370893112
385585506
5814928845
709138731336978
35078250
3017339130702
338694478261
567558699927
3904007793014
721139855012328813
924582064428979768
9402852156494
5090400614032
84253300765
4890168312036940
15928547953694673
987659
1202123669792
8025479729
72963845335
8165301188462
1601511781
5315603141921502
76441
344193093218071448
8739301286213329
163903029516
8116646
58867178
174630
54752164598854
3944383
686188548636
481119258
3266356418
54497307342319
73756977627
18481296
410131597996858346
858931199088697
380008675640424
6335716
2876144195835
41165972
65511640079
8349431
47382482685677198
4057218907048
540363096
7813393403
14787565964
7435371569
5178972605
5111667460714
65072327
4452417353784359
9667963
13941111935
16689489325
416208990
7437381738489
2538687294428
1933308
1653032389285
66662
578834358928
2452717
45155
923083857
658440611784362
6831804418404975
4379792
491326096080138
22871714
37371
10360
91900473449
516633745
776013382381687247
9446774681
625985085506103068
4879577255994451
91650304722381
55809008
364929925
16369443955973013
91414
22767
50633564659556964
1810135
67201
36135706643579
38107717193
658723764934622097
5050010522
419433
880408951552189
571638210184549
151333611
8786806182
2400365248956
72564038390555723
901310
36663537
8556206
671146
96584811445627081
492509049
725889217441956
387289956577
908614899503
7696926634
41626601733
83859718585
77605297113153
3241819
394744938285210246
1552865432264
14492
95841119728495730
29775276515007846
581435652902036398
929910397203017
22376
72109508
29282805
8677032067699796
66817992395
5076663046260
112762
598211
1801133277
751068958757356
608077053239921
4147301436
12700
7836140301
47851801540675
42149284271501218
578971
488616064686091043
8978829079
886347051317438
43400683977948
1189811533974
43614055816392
89795554004804
345090226113236270
282664545135
868373
766275
16906854289
70517549983694
762902509562
31738126072265
10111
32759
62016264559049
82950278380278848
59579
5071413
767091859755
30494596069
1098016
50597765141
7596497790818767
914152
55472
5317688
1651805316460
138916026641
6234498
589987746682887
6344512180670864
51075138
37701653155298832
70829028743978
828709117414930145
84022215639859589
25528
96878132304215867
21057159555531581
975906
5789049452595583
86880769848
6941692
3605329
2445029
15089
17906
44701671
557836992132521161
5845902656628469
1067229778
621083
705634
88565470425240
51523858527230
5683959332672
883368851397493643
885216361338357
2647040748174714
199128873513559
768895641215933153
97428007
3079378725
20972301476
736108384776
43301666
541544412767587
758322
475298712234
62864
13291021739201709
22739
9712183927175
2783678256897
83498445832
8459243467
28202868
9376707655815
888334690380
48688364
49857774670979939
469458878
1844569385
71817025166
1860106710099
551418
55775627053340079
8515907058808824
991875679038282
555955486586
55461020
19120411
909776609
6559581
24884072092
1120522133317
838032013
859055928907
87504
170077733487234
8194712658712
66301150472706
403044015817518252
267294581134208738
997077817213573
48576937853
98529
663049700251
4500392214354
57658
1853507884734
493640068816141356
180365744170767411
567463995
1711426545103650
664081767
417853838833818653
93219191511452
28223075
4699274425
173231160477686889
659817356071
7933181188471995
9512207532
69553
448223731
2013991401626
6664128
553534652
9750140
1601603074
60346076301513442
55754772
51890349310
64245029
52269499500
244436
9626950536411
423560214
813603351666926650
38641608679416
697523363629325
3203407605228425
91120960798789080
83228998005
26354688665
5157378
141792614
919369376312904
348883372865
323902411797
942936
23509
7176847977046822
571983
81200
9382898245932779
368946380506781
9059074075306612
5761105
9061989
82051
64835
5099272899100813
22734719142096
195911
65057
92555365863491
1427769795089
183655406762613
43333141880911969
829165085082
44185424
1661027
50703
323938072020
3030127
5043205534
175602292
45743210838
52177958
9667154621978
6883580
227314718
396353278156139
667953
95153547063
3250028703020174
961558134597
9885821
456389635366
94424047355431
7516121361671580
39613338096
75475381538777
3181122356
2099951702584565
38915
784538573603536
656524
88836
5969492
33644649835315
332679572120787
25618988729
268325
3120999364445
1719304249207
44292117
874389986945180
72528
528257048771229382
1294510875485683
1566248436731
158743182942
29007816296207070
751806
92679670
981282786
6294474151558
204437
2270241
581053149985
92583477776515
1298472941000513
728495512365
121068278
32725897
7286120847
65425321
4122757758361935
23838100046225
3865267785797
54426334291
344032700236
2699067656206
970042235
6105230677
62144488
7263645
1063940014
54289721487
5369592
94680805144419189
5491104657910966
68353086
7028429
88872895927514
460820426
64306646
82156
26360
57895881
670174075165037922
38573524
312468440918226568
68926580578
10130623
911078
928438147837
84535641034
88345969335
8237027454285786
513402422003
225758214
64126461908550525
2886679
98313720
73064129558714
896313622
8489091610
93793
362278203269106720
410903
794790100878258161
92685
458641463330
4693572913920097
878855775423
286036515049
9839810
620631
685185965959724
783199006412
9362381
158955718
238672484725967
3378406
25487508618887
38293
62292547
635115262
803459033284743
6203169
366797045245179
86196146227667072
5428890664801968
5886380511159822
754191167991880766
205620757
8668137555792
93315704787
8673717189646988
630821707
786002
594434462797820475
38149443523
524985
55270
376947306728888
23165983
27876
378880885057996
895739825
1644319548766683
7299287497
94203183444
67441336714923434
473641110
552991
926356483175620
75602772559686733
345150775177
9473202745111197
210355609840
2790650639
937409756632376
23115734848
326620891800348
5431222784835
84536
95171199122061381
7242470715773
43114308024435
90880586062
29626726969743
721641176058327
92226111
59430507
8225330459683475
1074027032
88280199579272
168022230002
287634432797
65482
37918
65570533991007
86307359303
45342405762
79726493303
32511240492
857223
4869130
782779478
7093891308
53748622
483281603
68661271791633
252516181061092033
38430373108
291753710371
488973084469080
