432499091
343149245732825
10231
77644604024465
516698
3961942
864545455502557
79066455154218
222394099150924445
86230320
5945923
9728398771
263774744
1748793
752764392592
714273065
8221542
70697483382026
8943831607
75524219831974
22936936
854114425037003
169967
257019330
3380275
242616021861306292
271871
913177
6888756756876902
221994194445
972900228208670
1794067210866
758204393
4586327509
14849901622161
63116297732
533307214206326
53149
5796827576
1781111029653
9417323724197795
65260683825055
68518858906548
8051417267767
21313267182994
976275475027
340504484146897538
985987745562953
6367939404141
5707526989671
134772
126297436
372246318954987839
5162447641578613
7999813
4637983
294824
920222
211116949
796613258535
4439952098627
537483564
54474
94043094
4290095317
982806092988463
9619000
109001724502
799693327611829188
73096
2024466067
434903904384593
577805044475542
756126702563
52263702398753888
378011603426726
544988900175
706143758
9988432838
583839283
17117987149673653
75992087783147204
1236204
561417246170623
1147107269
572275383539
26136345
1588779756636
30824700
396984771976
303379459129
992065184
293098601904452
106887554090
95447
3098801
89875
4692751549011229
164718187
38308
6460043
794458490726094
482437
49175555
81600811982328015
840662918195
43823
3243892022293999
985719650561462
293397340589032
845134708035134310
14137
83016449222
94716968478
55607401295234
4219157315546651
918587232926687
726924667454
8116212397
30301
885063517777164
92699788813036121
53465019761
754073
275938943493064231
411181886239184
4020553508511837
689825832967057105
50185
623802674901
33557246782540
48423201261
60837858790324
5792407644571893
7913523672631
140917
6547761
58594071202
70440615107373
99839
362871571615560580
93615483
466688947260
29085972534964631
6743333
6337079418
50551129
569665008278
414672046757
867987821147108302
59771
856490900366802
61700811
13657747
333504999842946
8287177673
1425034518
625262
43889747798250366
895864647296516619
4140034249427127
299865058105855
86869548481668
650089536369231
877658422568
40328
1132799067
247634185
73192512331438633
1501126
167266070479226781
9811064285030
6462195933320
6475810
26218205820532
77628621961
45048956790
41952842580901
44050
15282
96103
297344939802
25163573
7159789649
829666885357031
273249707369725
11385315001401934
3176339
584227174980550575
743796392
1383321
7823760335
91096894
901199
7133649291
6593380989891409
973951327
54213083278114958
8575307
97446
62778630971
2845927705
56854513185217882
962675505
17004
25357305166361206
685570
52346000
42006386
16125904445922
25345456
65025616647145
672267
4244176584922417
5039803140
838967
98484689670953130
802042458582240
41941277
403990
63120077428774622
213869312229
7259266
4489426327
40674460676527
931347407781411269
8151540775852217
70390177756072
1163560
62315892515126296
444388031911696
48194
35877875060940592
39946
8408060
5583156
307444080502371629
4583566867
98016154622
4168830
28672290423218
952891
88854
57591259367912
9368326856306
3900763371
1938149
54321
60721526159
22393781
48661788
2511817629539
235187875290378
3824125
4767990
16963516756819691
346683173217195773
2517727607684
86171945
847151861230715
222439
685835688
9497856
56441
6926033071945717
2522006
9574875991718478
26516501
934949859633
6191640173904062
4173324
4105782001195190
20772523
457582
7852968230803316
195345805133891137
530490957204389
1928701474
13487
2408231643760829
51752833210
26574697686014
31431138631318011
413720199662
812428184
619708082229
200058
185668745306492
29701137474
1138864010292894
773993127716950115
4392235540623
3162142
9512791
88748404
8638609215559
717549
2633138013111580
218653585139335446
45720989572
74708322
625393919184
4021790879
29576519607495
102678399373630481
63746061251886
7610210
341886621
882407
449916104599160
77296180003
2891836802
3194895278764128
175738212366
29033644
39491881
1292719244
60190417030677
2844987877453627
923084502143790644
9600528145
814179
4318072333137356
35935170389670926
860409234923444457
584809105038526
28275451849703221
201733543677393557
180229481
342901849060510
43379545908421717
47715789
6499823579352
420591794
67650393
1272322
4146090505
36331813872
29742272
2117328388084151
44796058977
661573201099523
651245215
71870
991779516424
750867
14190691581992442
67029806836811
9096986628
735011235075
60014
836781692207
222898926482
2346407797157
720144375
80248913
3629096654515
6959909815371532
6636632
55657
887227141329
3794580906
722724650177
7468449810
70220
44572008342
9025834165949
8114289366675689
322415656669
161329
955734790715
748932733493137011
889706486647686312
655985662
20283298739701
2430037415789
521343
183267
36921142284367888
68019109109
48956869805
526947175679
929597610855759
502011
62651107976320
62106825424653969
175836101206
54437606585
7038078
849904361763
388739792080718041
8838972
90522180
56428453
18187978931
54115232514599966
7907208861
33074529447560147
531802629165506
3793627518
623799835
243799949216434188
869899599021539504
661383680846
74372871523
2907316576
79670719
5716308
97227694
41382730133
67621604715852
334372740033
819559778267990721
1294891117
613708438
42780792
20465228
7311411
5100616
544925859926710
5719347570774483
737766406966
4777768305
606303658
97901746
279872979469
700206188055195544
595278607942153
71169320656
68217841642
1488768959661
868432
6990768
5064250610813652
106512705862101
98970010
58897
3033236083982
8585541
964718710
65645457735288
14139
915946995312
78550906
71553611970962542
390728910969186
740982445294554
85550464665106327
333027
4115078734
1595584268
5252684
65525
87405340047174129
980465
8833743
127284
9152935269652954
663249703704024
761933818215760899
83308302864062282
746470
6921362147091
91731489752
32077011006804487
540521033109
8760987
5209316
705089
7548868
318234635548941968
801093246
6901394
23801
4608456
9033467266
11872267
5145328088545182
3916781503928
958772545510
89116674885116
637878084189041374
879452507003
38483
65212
81385546875
25505128044279944
476316117
541751013076
22033807014
3518471030263
71654444
30250122
1280913
288133992426
83170331
794677
757496
10864736
787434056037057
455022023789046
906908
923205
1143948
69870486202
649251069079
1935392129437254
71376
126518
485173859999094476
131999
172090824883146
86492000126311
82697614
802728588
7953946029573
662801803676
1748486477062
136699077849755056
53772
98622331788
638437912822
35830
430423150125
77043798368702677
19610369666
190983
26083383557
77090688333181590
40128862
600366942
3117729026
2528840713
427656615441
925823569649055
17863229728
56361052568
8171513174221
2176571
622571593637718549
79245645286723209
4828896
587126363050308
31731267163363
65587918719
627591953161
95014454353218671
71979536520967
59215
6026864631342801
55215
87019941
402717592
62464389215033
617532
130040629
7767171
5414417518125533
62923872774699827
8793825
222819110
9146521349356447
4011938033386032
6233457168
87147972
3489229
48867766299015306
2354729723407
907491938
847425037490298679
470426627057
40252911073359
4111403
697674785719687056
25173113951765
549624630554944
862140784
22491340312058063
14119112299501
603448758272983
53662074617
475079109523026
203434545
850245756815
81263673053081
27036546100
179283732168545
8621629002
1374033371004
78512
12747
681804
66809951693828
493813189059928
286049039537937373
4507792
7819325377
7894517679
6551136599
6211875598937
852599587341806
3516116624568202
21063030585017
5430672748065
2134540
19517
95994003609
49824830830
204729
155953815942463607
5822007
46490920973121413
48708932793
211760270
810300443306649
58864
156874307
363745121207127236
715944104968388
678027730959855
3085297481944
97540626686
44690
2396883256766
49568
725956859689112
9228416278318728
89062759783126
1323495409
960617991192
7685284027750597
92267044363590
6430892
4337706534695
1355108
3644103
26960127682694
5153826
1071956635253535
34994607
79108192
8886011479
917511893448594
8053722822080
4618184634570
75045185559481
8806618035
5095979118369233
94186295545529
831149035410138
7291179676648
51710456806
117760220519
238208822367368
603967318161423313
82110
2430966543
210598703396139
20703835
26039
1698330541591
8560007206500975
303763443044258137
562467
2448890752399
97902471786653659
925615377548592038
65981004577034968
72273985386780755
32245600265150206
6498087787
3583612
11974037156682
420793
8414880
58817831
69807
32402468740554524
319833
214430
12597614733248675
92521043
679356652272668
643658
317757710
6841184502359800
39010
6229850065383388
27746030414
441410492654
809312253255
85987648
858484607566
2506229
74969942
801616526536303709
352982001232681
774077
59784363385379099
87768346
67045089
809617468401
740852690091551
110527961789808
21432
9673377208
18661
803234528
451396062586941157
18523408
54411466042
9340868524274
28103153540721
3462346
36101874162
30356464
35046817
98956698
16441868704710
2008513849
8507016402807760
396568846
151467411890362640
22906030236766
35460153398239907
8606691072
463353255393511
24556569633095684
526948903939844941
4710541
27864061690563
77999160707
758314772609
67231106764
7974087605692667
4942881660318606
9561922818
3929912279383163
19259144688
69562205327
242419135679
980928546
25393224645
9081667004021661
9690422963027338
61652936
6508423162613
90764614758045492
590413564858
4228948280393721
159837695430
895642622255
44608452845
705520384427
3790759
674670
5387026751
992205949416897199
1921943
2440374967107684
22734
630598
286214732320
33716
99156
217941
2466623
8000207225806114
11893962507278045
254989
979518827
64073
340617951560740
53078970186825
79869502
30896358117
55617417480
158288
60803565502379103
64113431879211
739977166234359486
5209102577774
61657
83684136779
652996
665778037074843035
57671
9918841214
8431747495
492056
879906809
657849815557300479
163530304
55363527578534581
847192302556722972
523933667989
539580
3443204540890151
100996
25863203824
176724993464
919114059
961078
97399563426162838
64108870803
2280910946303594
5607331
7091079534171
21165663975
6777353975069
2846748480191
59204409671225896
910872948936017
954755589357691
8289086877696947
804519100796116
7151434
654462628125
51136052572015840
925029
43951116201320
735226232584577122
281333724157441863
32011153
281598677
4348917686011
823794
2379713941
1092207976
675802776719655032
50807090212
947351847933060
45728826905437835
2091611898072
69243765536932
628644403
556500
187885807562
509948166101668061
4023237369037839
8837263696
76997667337866822
867191008054
2073792052706656
59822959423339
663134878
6701187308429324
95530396910345587
4521269407794
81365309199804038
4421103487797897
408371621661363
5466621907
688372098517441
199893
86785503480
328177118
2137069936
4792833226685
955729423939
3635799853670310
41412250
223670523139953
13768735
300094918494776580
1963902165797407
62225135363229178
62395811420313
43211
2253961
462280361349
44411780407875335
58668690455
6244172
790635454126
56406275423385
5236141441402404
749023
9215196
79022272780082
63059733533607
595745912415
9516674
203202
35669164852
6737423599
81217380638
49389056
881495782318
32949187
79068647773241965
43251535
306177426646
869316
29199672557320669
51993
963467
21881
195008485699431473
60510641786425
73266216600
2453379659571326
786011
8884305
6046907728541
72940863
73591
646730
922403038956088
71581465336897
1019978226055
885232543449
5440965261
1955916728
789716421483319835
84789647171981679
280298503431960291
60906275279
949150578
404532
398055
990600585111182
34549921864966
8955596
36247887616703
49818137
140903756441
283440086335228
51168915204746688
6180100
495195928868873
54948227838370
541960392843
934582203575129
8198108466
7088907526610
984078899156223
7024041281
845529847462895
7794555317
159176059646174613
4307860491
324429410255114957
5697278982
57188870246517748
94373
673330552
59277
502662
2493794
2787311
50568594
871387
11251
40208
384925357716094
424101722670155
31627569459719220
30713821567429989
50622150122352
487876239
16378
286123971838
59804648168152850
306447
6614272161145
5140161072
95237804
807946062605
3197164130056279
6325677480
47199661671
318455501732601
3345927818
704826
882862437058
7739361659686493
625990850
439744223534830
7904265898025022
48151616076
78759440
482447929442
17903
10950
5962752342494
61465
19627725501114
2680721
96495993135700883
77678280071510164
269456746
90345192582807
902671133157
994692
255299416047
328627332
6868834499
39104433009046469
189135843147890145
98856285047475456
86523455192
49512915804012023
71062
1821651935698741
5745004091402
3314529
955420266861137
564303391142
92460
680817942937845
18985868738762
32116608203497095
19857975904990
5674383757
92592464390
1419156251565616
989514591325
27969597361867
1527586177455872
68435
80840223748312
733369828991924
779668680412
15091301518798
702133681421107711
9990621609
136464437507
815996
87266141631691108
3235228632461186
27183161587652
7449621817025649
59814006842916
7826775844
689717
977122882911
508172064
661952
215346
651430572839964344
748558015672693
343889403153876732
3179125216
38902
495414
2414249718882875
8244660968
386114335415
3596397
86833867638
3805288559170468
82715
834730826189
623854019829209
103457051
7946651411152932
681159
475270546864
39300442205
8845509
177859049851848302
570613293158657
38216579379597
561953
341855937631
62756
6514057
700002026836233
33847126122830
72574783969
449200
8086487456161555
798216454921
634247921994
8134491603411
2523408
37851548011119
680058279240
909804
4484180
525257
704980327322522
30702591
3597528159
111108149734
2623010841240
580397591337311582
803862
441329959
84529015
69714
727659
7906022715159
28144609531
82244350157
79665351
996173
38193243151700819
701759404157702
1833887398839758
41982842655361
30521197851548
619052959
9037589289424402
31852
546427371032
6765984569155801
96640115561746523
70946915791
243076695874
43443418867524637
202302678390
81447335
743704585089405683
68235638522298178
910528
301870264883
62787
846158189960
33758486817145407
98686
28966716
16449480387111260
3472078384812775
4101874583
969099836194381
59577309
394461725742425
9475621561
7736164
59297537667410366
9254032
589325
910325606369074
90623958727030781
13512047602724084
6547454944
66257154
50525962039
5553990457
31375827849
94024097295970901
47050113881859444
586466164
667894
256755
9007733
89143202562173278
568794
69793028
25585913
535376048639490
684357377258459
714621080282631995
4594732698
3592850
181342469695
77470013716858689
13361846369756419
7896447817081499
7039589
3850854881674000
5362578079290693
35838
646726545157
82445726
872827340
665296503765
771186416438
924106005862656304
42143
3119962074634759
63711734942581029
838561483994625
54640970775617
1789044
1160319644
4946262139
22527349581400
779485917857
92978913951485
74059
16454501295258
4390073
83146
845063979072180145
365779800
970217362511
523498395602381182
3956422650730
24140287831
950332017425494241
697705060518765588
46715
15775384104271712
86430
3639165004
223718521130
35527505084307
267381452930
333240889271824464
97214733
50265
53920138317
8281470901883883
161064340621
365136588
57243735
947419833088172381
9659616809
42141079
465106999955
950777
5454326367
8029531840952696
24614117589502068
40160593431
