99642992985834
40175337
2322173850
9816042563084
1550627290719245
4445528633
30998
87045
643161994
4717342418
769611
51474622622
51685786076
12495219429960
590317981659680
7101969686
9480980557479280
11623244244
82389372008073
367420414584074
164531
8334847435206243
9120491363987
82426721894616044
15348272129515
95120076106230
9190171
6979352059
72246380774986
24594748103948
127317305172342
74638903
419312
6988688
4323669
7019230874960
12066940664
9373367667523
76111316
93365552
18233014226145790
496196800
17149136453279
54782933903234
5633825231115
2654205
970326992329354515
3641027020244797
660397649
606089
5090666
57357615
19020
119271620
3108599620941543
2904150650815
272227661601419993
80457579021275
9462798
93452728346
5414560
9299894
561075161119
46680164
80433600120935084
25864378
9207717129723166
8327555972
4317227428861
28903981218303746
127061351963
98761183866776
5649843
36653529
67006580326
55902861634
9683245
26278219459166519
19150700
9216798
489570101182937
29200
22964
4230424052
141295
239173997501
4977051228
6913089915
66416315682
80283867159
69256567
2108037826767
12572
78804
55854175243169
96826779
61007480693269
33654061214861177
5616702301085488
14733
469385097382894403
78987225626443
167024
85551065
76471130241
604797790035
428594787111774
607192432636973
9589910912
88296837903715219
69682056703820
3135635
74535569
20232374
55225
3752707318765206
26916480208441
882438881800000
8524496941
19273084469485
8396139676435303
7540085858642
1464415638
60481104152459
450957
6957223
66454
88442373
85184216776
5361459248
30508684408045053
1541183640037
7881948988678682
18489
7308391800
2132703379
536056
46448925554647
1962076287
529605810
20127313130328199
44706814
18521
757940505065
51542
98126976047999
9201557313
62471773
463225075
21845360132
22881041056
323956188
37453
66133
75990488229284
1685310936883
1754354478525
20514
784922945447620
517428789636322
75629207436
91633298
1901819749450394
60964809263078
487426996655922
8616900905088
7444787291132
76274655408
94595668966
3688078648492837
33546215909638
1484903
2697244125745182
4543419024803
7429123644482095
70945608962896
56494576424155
810730757710466457
419747141
32808155967387121
783596
7468683822525
828670101956
32936
22186
6742051824
433694524789652795
41466765
891227711767611
705733310181029
58102
203838419026
3856986992332110
931901
32966328045111323
309811874
9146910724750
145456160583687926
30723
592638473172
21703519130
783051
442740384532155583
7993571106
7887417915
31299505
733690898
143993983652716
8967195393
74807279640747
28449256102464
319315715861896
4156725232
16690697
450992891635239
633855
2018663671618292
2363790610
322004
7838401
3081835626088770
466941384055
647343837028018
561858351372469
93549558
51804854843
9410515
4453021
8105684398
35654466317
6484471
55067862554
6489120598
611390
931879054651246964
150505416446237326
9406999055227466
8447774227
4280349224854186
9270551514684
56086772420765
21428
21788789477
8316645632
500163008
4613299885031824
9070784101147
829301
8938354
19951
2652473113796101
848593654
4624043222552609
8230820153798175
56456732
2729046946583
105746865
940161778834
743602502466
1789665000
424906678423127
794398441
49408158191362734
433457659
2596898
670099
8997124628
476793
6978447567286510
69999736730949347
18934096732
180786316874
3172912330
804869796590442301
66776681770
485175
546795506196701653
6267468603406625
8339136216
8057817756
125371290834886847
661571210
488042770675
474067405942248
8088913961
663477524923790069
1033436632938725
295919229383356950
31132
758091706043330588
79957
615241
9337060344
898646749704190
664065540003
43696158
34936484
284362
630543400071
31945965459
972413365
74961182
2842931597339
474052807
66028308970532213
77814
75172250731
68318270071314490
484865
3948130343448
8945268074360329
37631566370037
532092636
4375169295932934
795346
1445955637
4375241316238
39449
41311293411938
48791978694377
1197304630172
744393
39856563190972
40832735351374337
806356754764
74896692508703
288404449497871
118345302
56312211390982
2262140
8405039565760766
19735937164713
48417654498
491109505811233
6666523517785513
654998547004
3140217
9890842
74531
8799854127670979
230134828
3039504
34940039301620006
702085078040
5318952648036
2783162528448
901558559808
929661920823746
17315632431
497608
62954369
6232925338675
994043971827
26849423329188170
37114
969149470028
41202
71106609
74506
17996566723397339
20380
1613007
25824283360
6511485186
3512773657468507
17546084
631109931
187238287194633525
556056812315
2842292026396
475515903236634
18509118770325292
1320570727169092
307796993396558
4672134005481002
270812413700915278
935873514013501274
4207093929896
69602721398
7750880846417829
4216529314
6421958
3449592111378090
4918914
4677146007386607
13346266215370827
134025049331528
8319368988949
8571163733027978
1432969584294692
7367942699
55198030499625
3925857
280273489827858947
434707183943
8889658026474215
4137053
709181535856
150254649
30611737413431
53175
94125552410
122818253018815
9417631043742
93183
607554
28038293
1855328218987137
754001075854987
85625567
495545335624196910
57374349
39553232065413254
95380800
33535822172416
25126201
61553681311791201
10429428116
601776
5306104590489213
54141
93713
396548910
52070388115532591
753825
31280048016539208
9949701
36447
366856311522751
10109518969
443025
6631937
60969338791
266095260780
4203902778798
396115277663041401
9484677
50192
817733
5500638580
17999594830334735
68150
992295209861730
73019245053
36727
89505
8190350172116711
81825302432559
133183034674
4613770693
93611824
89425
654622035147415411
17909
773470
14486119
5867280208236503
67929337386727158
38601710470728198
969819914
21733961
791054
271504
958476647275432412
396924799233534
84397051953009
29049845748627459
7630403897073
38989701887071
97560468470493485
26451985321
7798649895452
536112
37428930231814267
93105646698772757
19614647772156
612408570316094
575105
21216281252859294
39798
594991784209
18004655
93047280230240417
9367670197
18197027522
825387
68645042
78249767146232
35795927187
23258733943791127
87806462249027214
8183111957
9808493293258
363500880133874406
367149954676550721
46924992180
8529183953073154
88657712188
515624026643293233
12888077688825512
2798444746973295
84934023768310914
472269804839
7201728
3297145
239777440504832036
5540554260034150
3546907
58478
8466618182
1446006
894648
36463810
728081124646737455
35443619
52976769
26640330676505
8136677338693
23685
8136495099508164
901364732117955
5280200819839009
5517791030952403
696249324988936278
4136309978632255
80358
9159643070
572280634468772
2496656623
6412509917878
54191831089325
256312978862
954854548
59847617015
37428589684752286
18638941
2164972552
306706402
8797414175
4980722591
231463900192172
86935
91714408406856
7243293113358729
97157179505812
711125862
8051430395638
18613535
76581392840095
349092529612019556
871442631959942761
82721388745930129
12207
810567
12548090485969
44046
77220
47362863542
366959987
628670788170741
1223680
59513634122
4989272
60362490745
988316479579
4879566592
88380397012
80099460915
892903477257
49561693003651
979408963174
56781399
2878799
47817
68499181796577963
7543492024084561
55534
3480829206679997
393073861500910
106447859
8795506408
3744530611451213
694533173276655996
13567530468966
84576825734132963
21371935121
98304121040693
6407500268729
366504513491
495509866665724551
61828617064
897917865642397
41842650
96007
6166888
78828805
951860
1586482025
688242
272873
44501764722683641
423889
597709464
475976
32955523376658
2157437
9941706092316
746030146793373
5587202320109799
9647279970953
2107737406232158
97302569249827240
7598928779
2311794582512
53490
811136281925
39677
82339541032
97767074083649420
7814695820511411
435202217946402
5223924795
6643483
2939470812805334
259348696
12462
23729698348653186
760223244121341807
8107146
83512895365463392
842603
54371442468
971164857779231
5411741
2061539358
820219283264989
868610
1743380993526
5441966
63435
13997846747699576
37808579768084443
3640824153399
5177055201
952417
844562
8266385629
40055641
503085404049
41038079953
413229458352
8268974269
32723071999
860560276358
606271
62726225387806
9961787303487
926866128760
32601
87641231283898688
3154491862609
10752912465382484
9881058951207
77373314987
82527
2030596142
43563831
831986
63532753664280519
5522412581343
5046712588647009
30891246235
60401479531317
25004089
12825
6635568689762
49739543691944613
5489301495
142714451577
516626904960010
321990
3785718426346
19166896706601211
689282679734
38794991573627678
294120601
8241002974696
778700372277828
5839737
94327658208651834
176587933590685
7108288279916
58339
38881989259
56518213265807485
30122041725369080
4601639605
9656084
57890510
6226287
73975411944816
477489471
741448448
814041898
204470066
62273749762905922
949855784859352935
5942814444185704
69472671089072
9845100
537729
31810230721309987
88905
8328496
14513986220
69537406989442
32531665121038072
2652617728043619
926308445610
979724504159109456
8015802
81624089
408100973278564217
11963620
538296895
25891667947188351
97726382028554202
95913667645447169
9827589
42323470697592468
8402207327161746
6080397
194184537956
248793
775189556
632345477067427
9801748
6227214401
338457819375
9449445292857335
770631203
5681370212
6419381
91360
670568187601187
26864
4096608314202
905196
38714533
6283413
8450800308
831804929817
16292555
59531
840157517567606261
7126962592538125
712158163530342962
70971795235828
9472934859
228286704023085
2880300743
84127595818585962
838583095978168174
927546296966386795
690248165
411771043295
14144428707095728
28261
753025643012498
761930852335
9512603
7895954431
53543
4080853713408
34926606745000857
14263081
98458324475413
831048982
876199341056734
876336660677184676
66346616475854532
48630610559
74318
894675029
34961
46748
207251447640638912
26480797816763400
318293
64147465
617344
705705739016487
2479066266
500831
7194387804
2654856
684642280387110
42128
445595018316236
6625661
743067310
69339
9543740685
478166745
2838709929609248
98501
642690050583
4887778
538279656968647606
8556162897966
64190510
1674202843765297
49543
443072349861
4502740660
4837877923
6378843370337243
88184314098
68354898971255
74059879
97440
63990
383706198696589930
271170861607649
953296544532
30914773
10471805
6757884
414052015608712
207394333883864507
5602705
92948038667
73633
4564738
656970334
3421062
186725260
370629894
46225724065
42308242
94814305288
786842834651
994829542
623277589
76107928602
15351
420226373963761005
9655846531564190
30399181
1782766
8425481682
476475399511636260
55995
17238091297
941402002703242270
2364861
68334895611
434838070230870
91839541
291580627
829873728656311
747784052047
76764504158
40893804670200616
17052230
45767769028587
187489608
305672829275
49288859534709
86387863
7389635
9877927590596224
945008472735
6047997417
5717835
4353537209602023
882074916476808519
4048982582
68018335
5897202
519305597494
69274522
3600473848
75599
64394397079131397
1556339274216577
4557016696847
613305520833905839
2238369950
2456327
265167160036
661048410748213
193801148
7820838969
509039075459307
6908839578
90094876386767
8723516659688
245335176746540540
383401854144591984
260772
47899456189612
4529759383071551
2791362679612
894419868
90146
41688779264744
70303125163777
97547048
847805126
148931482
645562032927
4196924353361688
997293
12745
95925
161540555961095046
3345912
42716
853446981012605610
93532728544
309634550745087
35780592757037287
1642056073287003
418309002660939
25399283
1760870340055082
39295044297837
2165979
158366523434842
38048744513516751
319703528731907826
72646879461320590
629386662479597
29757278722762
328373
248029986940
979356589101946
380059296398383025
23320814226324
662212393353615456
270357392988760
3296442090187
1029098849758428
87146427
87685778
12350
3373034
52024
740307108
7460911347492
6549180
760093806531472085
427870106536896
520807599024731678
5142481070
644534893762946680
943606
482566721023208740
650192
51910
7923190
6024508
645814429379030855
3806380822
50753704879868
508291753
877221031130286869
8510546861
4701972819672
254096157
56126
776126663465968914
5896524
882185
20323878417
5816893669
334744
3621102187560
133730
95037411
37016354260409
61472850132556640
45948
576889510549031
5532756653
6063667003497130
335906326297
738818400725
425374
690719
374460364160
9709457
72759205082092993
27733930903193072
9681866762817139
37424
7063494997693
84792376
11094357587356
773135328703
1637092137551
837141915765
5044289
178229265407686
469725466679863
515590392585
9722568302167009
6268523110
4130417250
44436634555827746
12496
13975
9843837235
50208216
52048774
757960
1794252084
356316874392026454
93628
593740902084959
5469341
10206559954269952
63577578
76994
697530
4095206478
49006
23543561
3792465342
5899955821
309956
721272
9499571074
77324536801
5253026603081586
15085104323701
40261579954742
21358
35199277925504
6954351663
8538410363873
4937879086
4258633037
6233215483
674675260058
47038
484070696060
495938099117337010
63689544409
152884752786
1441483683829
82792
981045
94336332138769
457854524674
2652704298508
129114862914919
150666442022906
89599001802
402789
624356097979
5536323079
104208
5601228215569
450184334516678600
81668228487937
1960628406
9792140157148633
81541184
9812800798471652
92473053542
513869334349682
79293299
612939864308424289
56235115869
7533883501848
617852
886960747695649
147530
621671611773133
70223408494
13666790
183070171325
68961607120
41525716766
1476277
520854471631597
436491298110142986
4948318718872
884092849021012
89153030
1774154
538207996889732606
23323137
65466368510
63534813156584549
614222644003232
4898539429655397
78515578319308704
58248379553478
447997859
8138232739991
2591505303778
19537546
20744978266569712
98534068911423
867492065722826923
733278132514810853
9078344
96898303686
92724484481744031
88986240
1732229028197
654945091602800
8835040856196
55256103959013546
561914204
96539264059571
415787232162015
81613529
41476
926045234
1592776582248
4316254442
21103484266059623
1438517980
2652062
48250536
16475633750792
522809807
685280227107
745382794407
16779
557751
8632619883253970
4104490435686
767155
9333109942920541
2034567451634954
4907817605471
890220721887
742508875968982
9043900158472710
66350
2770230290542
9006778369946388
6689381193410508
86802281100
8171851463744702
727295
365057870560057
53277555235
79296547785322042
3022799
8107946
8201495208
9532193657613006
461944172766
116614
7397276458586
45348516334
9589735513
548734
35191545869286743
422633133
777150821607528
911172861031204
9266847
234438036883593
7158599904
55635029
145451556
646221
925590526317
1558351448852
97913662
602158497123
68158
4735185
12583057008100258
508633431754264424
455072325545531793
4260369738037
8599802921827
6422506624322492
15994666345153
838246484732
938383496
32102
38675023466
4104768520368105
839016573349073808
173971
45612063
60161513826
4483371534659
7554808721
63432037
67064628049001477
26490
7387303667
91007784034812
747732024222
8838122633
27638949417007339
38296
3800156
94389475594089896
535427507617526562
24944570269
799768881946
843483815999
23731734
4013814589064
9267234146039
73457548
686752894472
22872098092365592
31271
931910
359781984960
487304681853741747
8782933
2883893831810
419637
102925276
786124315342520571
7388281992404187
96291646
14686
19355441676031100
33235072895849120
937588
478980687
4757298524
573964681967
2332822580570
248222295831826805
339268542328
31983596786602739
7482195081
3445168587423
4435592606392
47780401188
35066
508321567164582
57263989936
22285879759817
5610613459
8383505153
88377066624155401
907173565601936
15957015348038497
9079200
545294
2291937395157028
320335
92150693567447
17609315
3260515
45779534755
720844766963539
756944618
2203985078
16337585899149591
508149103
91232
169066945337235
482485815547909
90446
143434130
5733121406740050
4301448363
3277128344006163
19672652834964030
305454082
6058581
2296082
8757832112531
5466137670593
160023708458041
83001127444
9735792681303866
4171480313339678
46256
8177834
206880
852603440769
7609205
7586084175
7286461
38492238178493534
604949007364
6258156
8552036102
82480016774
68967115153835172
83655218350365530
62079
71466890925
8188723792964
94968019119943398
387905
545481129
174734844
5082515210714
62438310
23279106
823544
514213
93222855
8736477822353
136827853872540929
8667522356
24125129346
20574
924903493
780033634267665148
1401306379
59517619974485
91832660986
9675971743592663
31689755834939057
359530915
5474152039067
94212411298
9904712121822
3423691435219
24505
82073
46371322459046474
17528161
216158667
72132
72352
9880853851921
3535609337541635
425858
544926
91677
94829
571305437586
755194150650189
877081222
643371283371
294406463
28488881118079
242592303
524401458945
600609618712
1175097120
3447576612462618
34438
2252013158344355
1338085149
838236124
23165
60582942
435180
2630308
82238195746
77876979
30917180281651
72030249
65771324344634
683135253680
4736858898682943
5975015
327389893676
29651497662
68956723
179422
426464
103025309807681
879363
3301708006111
81509528547
77757177212817
962974
6325723327
969952258705121405
65735177009666309
35563927687561635
9520097
1400397950559325
8777215935
94064897766119637
54448954466939
4624737623907884
66792899388293
323353528003196196
441270
91154047439213107
2515082245
410906223706
48005271402
6479941821011834
4080052483654
216981191083
1857093356289
271384527
2654316
973817483708563259
671479500801
9484766254052
74147068864781
3723677668744549
71700942480207278
9469023
494780507530
6630896064750013
264195385280195423
935175146
662005286
3858642566512
7628425477737224
8630718
75075
12615765
94254547411
7951118397794014
77053914
5387973366
943725499
61356
7405459616243817
67116434536352
708749034747752898
2745331
74496
72631091923
8774741108759
16794577
1686669
87397353781
19554245804447457
1919819362
6503547
15642
211694611519911233
1458388417229
10271148281416
587000040812421058
41896681
124256463581090
338463465
55657992
1967557435584443
769900
349098674196
560555212
11728211
656411302126765
93698931020
26058477478773054
25289662679
7195884751212262
729893511211179
83815194719
93048
12221
8650924110490
578483375997043981
7513442333
41460864
79545410777445165
4705250653
2172404852754
708438
363760020682358
67797016049698703
265809
10764875590684157
324980023488695888
402264794435738177
373925241155066134
43597156774
9078252
46541
83691674080259
592673820976517
854275083
758197720256151915
74835268
47157427622230
5063359991348142
11331787146324
294946491274
343730543232
83365509714088
66492939809377
9449037590096463
195547629333593
933541
102373688702970239
7756750516052414
896226449584510901
473833
34950616311
6613912801
45578221747348
152862
293384191429404
60753857
9394657502
52765827102298089
38245468989122
9994225
31755773
252265547
678745097464577
52112642662
53470051
9739509036286475
326044312
34305933257912576
333311480227276280
69544305770
1589432
292786124964
471454889155606670
740654
513880715576833527
38115649826593
2029331
885236
24366
524666
742525279243553
3401694683
5892656393681897
22711840757565179
23162852322395204
58817304738648331
4075605458330047
14551
8522004
41146862456807875
819819315
24657279733
550390209482492000
4616969979700289
54310534
2851975
89572
423237622944225286
45580200898168771
931666552979
27085981546
704332050
67650714
463976756
817788867249
647042918770
444683
4597859
594566917589665999
745258177500
42805808585609520
12515248818974095
797712229
17903
1963228229179157
91844849801
55742311091
90184628685444235
50936
271631392
26316663
49162
8799965
994539905357
24734599
9651926
110431
66526995993
2335869272
242190285758
2870950570485
2298629484094
5863543097578567
272621344293499115
24526
123980004333168731
2805251
28159171
218267815674653
62573
5416325092504
69394231446343
6633524246376547
526616596017395857
793069069358022718
934373
661177398741230251
162181954
29695
16131
86411879
231838413856510
7073392
376796
3501520896529
179043827
716314964
18870
98883
724845827096029622
62061
1112931
993619417753
9906989692485
56741308082
473305711220576592
5363574
62440098831890504
497975118
234699028716316
904286815411
47546620167
4214138752
7902801564360966
267022716169
555305697878
28423412315050520
31743393003739143
90567223355812308
2301813468139314
389409183261456928
924074824134759
6814962553109
762133700361571
85070377698969811
507060688
604613112
5075200264890
11538804645772
780446192561693397
753687712
47975557
4634746080
1741291528603994
30117606780
586713840253507337
6974097185219857
41196
931011166270716972
9487642658806
8349998011
488469
55352
8732270
54076901807104865
176656780
1736799877649
56438263851484
52292932565
603706115085584
41948570
8916291362040620
257042595
447360629872
726225147
36163488744017
482324052
501677965620167
777042575340210997
866961
20490485209
176883665424672
878306421795876
6795078271086
47877569401008076
97300443863300
512388997
5444795414022
2855902
90539140464490613
75511072514641508
35563342
43854
247596
633616385
3641755793062304
94545711
525113336063261255
92541635
37236747960538197
386178
2655140233
354481281466247
375991169687019
5782731262498
16532466330
14124831594612
3506259311
6652116085800
296875
17469926
44826431591047246
618738589854625443
720805458270843242
231232456009378
16043539381952
4236002966249764
994260523088661
9383440793
56672
6498466706577
2460484601614
83545010
89460
6661131330616
40700
579320743318291097
866450205250034902
24570270398
67619399
15724230693
383871059
684972
3294714387564
915094588
7067740561766
44463774990105
1716543358759436
25241024100262173
6965162302906
86490371732
7506756
71229190879
22301023740873
355688994
8514654
86822807759569306
2657552
407568009918
3410204338365897
6031327814976
202315515045644
8316247
89673565854169101
12730539
59350137819
389240546929
8727426188826131
83528
51194883
247934017124666
3915306
77632
8949435088383
869064
357121335608
62332431898510382
71684
827965512353364
178940699281542
621177
97612
2031247479588
9527443
163658
9441339011656
158327367
151294173320195
38553531
954909756301
150809895337
85574903770521138
1831927025459592
575775764296
477590417434846402
55000041455660400
501295359059
74576669586
657287293612656
6086777121
241922843
484297
339396151189
5089107634704221
46571
63924
2204394341929
2803485244
6128050159299033
691932474
7640154
80407559178125242
556115
31219860915
987673
59584865971640
197041266140811
18348113
6633006379895
40344224951741880
568238664
97793
718102
6006689807198188
4276760
626088521807
35639011
530706207
6315266491086088
57485769
18281637499867533
455529
105032790044716
9843390030847
78546
2821062202207
18337381
963988226478966151
67490039605800
7391328167835208
3240632039738138
57359
270974895
207580465496
942774024
181693519147
31207395
66247630324286917
505776
1752857750510794
558961529853
1297880487041529
623534487
7878410
67474520246470593
36515527198
67844037
3653359324703590
8949676
1400399670
42019
49300388821204006
487760929261991637
476040924440
2530610079
1923075
723484281435833228
8940511521051
203974744568975
2990822076
71771545450117
3844559998532360
732217
563209576139651
93914171
450298739
6471238890
32102807059130
45219227
30090090863987393
230489094800036680
26703922824860
4824006459609
138979983
415347
51774099326401
5228791269
5556614
796509979868979
50685757
320366426897
692005026
12575202
10490433
7624457645290096
16927747982509288
8436069324484850
6754926468
17155968623216817
8926085722829
533957
6704341071390
28132251
2472249461
465634067638
98122589546476686
76470480269774
26544133
575491
84639
24026138225954
1768317964
328977204317777246
428970728834102900
542170800890397
970459037039107329
97260168330190
960533460421
358510078
153135660006397
21696185493846743
37258758546
807937078506608
855083319940
645906455245917
42499796
1192484319
3096361
6563703192018808
29638268453519
6806809908
44424509964178
8298115615719
778179648
405036583727386
58683188
349167
4039931350677276
445787
85916166784476
446632
24885358992
71749241302
4271752773
87230
118710
89660583
346775
27868938
35429277385020988
6736025
87182760229
9037903
5791003594332
43713634
3824935
34722141996830806
26385921
778660700125926063
53075
81981146
32499393
123159
99155
227475566682952
50664956268
54642
66710938200
43383943921962
6112883221172
971999164
36719045096862046
42500978749
105043911
3180325598
4476985159538030
157346
193992932338808
26349123664474339
3397706251
739733564973228299
599485247959959661
487183
66651
758596187484183
924260
546991
33526
81177657407212
711842421236
66699
5261196380
6554370980
18758169941341
253542669126945265
99234418981512
93212344
387734438291670
545257566808777121
3922372626809406
1503018211
467963245643335
638176
84268587871982
660175029886
39407
5675365722904310
929608973641
6143281484
160114813
190444
8023112
4151245803
327007042150360768
111153069925946693
266686997378669
4683620579036127
637569
70778988545
31458
181791497409206435
683645007
18016648035276700
3702225
3767694159275
372357363443
28647237965728
859994970231
85440479877
410539882737933
2510444
46300360655043
42661602272
330881127
2140019188136
97618437310
22751310791
3534610162
1598322709129
6630834466589713
125026837468713
6163210
8286444
93873761280
80801252336644
8216158496542174
45582
859981801939563012
397334418
467473992644413831
2160591452558197
7357772
122553244668185691
6719689601
8237811575769625
7943321883057949
57572186202534172
2340053529474
8652719575666
7334877124
677923563927614639
4183924181505048
84194608
7942141142
2392986700325
6218792
78368936751577218
2922019659
6194862644189104
11849043
63089
756044324364818823
654677763281093
155518511836547856
218298927
507241253149
1890360
736774056220032000
6096997410
272890860273414729
98528071646
67796582399434
76905804646215229
88609631
3808364243
98873741
641480
80012
784685229
96701735382632
46550
867796573427
6035241033296945
6532422
9219067056760
453265430
55639709969633
94950474776787695
956614574457
634717447
95183813
6175317203
7383492084
8751997691038287
69951
3568151217
266016048820
2087653596
19270805
759949071
69365757
27084574069943436
2167596
70660203206770758
775421897613
296869831
456223819990364815
5331490081
580935
5482550967863057
86628031
39619352938
9310100869
9886196229085384
60142
14623514841909114
999006
422809
96740468219227
26863635008366930
100490
4964181642
7992840677089602
722184
9033646758
8877805
7415957495
1625483
48383175
315200
98406564850367
1832673350197278
907271334144479912
1143851
39730030135540612
118618084476028936
746481222
3399870682324
9945442414189035
444909611676903
3336052
6641964645
464758742
26242
567592231029091375
9259053114
91200674342302568
568669252
1962889925441053
660478437
3954960
748500572188
32150638281860
270249808490017667
667179
984708
385148800
8816419
4791141663
7532490933650
871713488100199
854518
880254483936092609
45406040162785
3223186818
239626889409221030
61566590698475
56493005
552946898903
2420668258417806
231987880220264
95845
6530151871
8013889182
615870
326106
579837135
51051551986
4763022113394
660644600
162823100751903
30734468458087598
82522638402476953
3620201
159187655730367
22230535030396045
880277
9930203048
98479
6419985
905349449493
75637982795
340151
432623
5607635491
417405738785
873778119
7461673898055
64623578423688
679319689010600
404063219
9278462
983608785912740011
989841
1396978738381
5120348850
450957103313738
2991044865585
349965270628
68626773169947
1415576279871
272170009911
52383801285907
2541691413248
46492271
64840179698453000
986410628280163
19096063394562
295386897531376457
865412220091800094
960957
61512
101040759637150
565569431320
289556008521860156
26477362198250030
553213
482852293921
2056166410
277461
236926830696752
5514709
48329
538889196253669137
34798158209547
97116736013511
327714362
915729942057542580
64779170976
84139452594510571
76916706033468076
58236987307888830
12734
130790065848639913
808691
45352449025982013
3240811468
6190359496235453
33913470247075
3781472
2510196190
8612110335
102841581570
395142924709
39123491031637
19651110779916
827689094
27835408877408582
3815869871
40703907
864832351179930474
23217407
230752512
8744823891056285
9483653529801
61722
94135961668920596
56585
692959576467651651
78990
99619501553015254
462659296443
483594142904879954
46527
8183854612219709
302160
821672328998180365
364368290012595
101618184562
50544102152
88210406529463893
3232756287330
46489206
24426677770418950
6165026026965291
59545757579
5714640
9886603362132833
61642218867
6388640825540
1143515507
42875518526718
46230069454017
61199516546474
887253306746376
64972756482244261
21887834986833894
6250542849812
721506600606352
3644547895
718763161977501
404302329917047387
1302881499200936
266282861138
3156968
909044593337418253
5536362
73905
66727
78617
31531676905683
50874
224618768
55368301401997
680698661507368219
985350692637
1233608209337
3763886364410
90795453267
97604070
911654988832986702
394217821
49459067894144
79721
2530150
196287906557474065
53027098
194733902887
59124128281
192727295488369580
675945328747986
699779547
6121235783111
141937
29871530
40088028378929
581133
200348
587773874313
38574762782508
3553478228047266
86851342096861
563197350170211
393532688
87768651274
812131
312575804
6410370018
41436
6936364130370
4093661
1740627612
1261796
56999603
37026871168024214
3997668861289246
675246331914
2785662
81592366683548830
9544876505
24424962824
28313
637078708956
35319
5978456244099
87200690
924461696041411
55786
9073059
58995422172045719
2228119557
178895
7828454
9201525733411
7529490773
26288579019
534934339026647314
7672907981364739
858635889409201930
9692917597582342
6495192
279289321
5498638256571
189650313845
901877272944747452
50904
690528834416
2591932834
8874219
223455
87139204665
43242230783316
150292770682
76300979154
98542580074118185
3229592243
7565734
91344170
29042309
774081096142
973209373
59069195346612
41622
4690700255572
664382083
7208433564
534088276
360004
21192165277425499
2355818
936692
6410487
17818841853746552
314727524152236
615467272348
128616587779
7715210876025
92744861001496112
20391
551787863125327772
97865527
84048066733152560
512843
240318854252925
799949160
81238860613
772397893958405735
90076
85387865
55544689719930895
6366243116
129033409534158266
70845166372470
86225
65181413
1800446
143590910299265889
21911144974544125
54558591588
9185136
49843414601429
942924
50200925
36313899962
394678
94365358818
3116071877920
200920839
2913232147
582134005031002221
5391605298
3201771
910056688
958912880394713
35460045577305768
3810893097603
442184940
709690983
2625950549806991
40272423124356
30664541
285265799919853
1856877828007
3699567502
78364578124915
25393331263
60076260894167
572482167973247
15587752232943
416059157
63713871
889068
816901
18586791884786377
902789779072571420
141998326780
614233830191855574
85417564
82189106034649189
5493320904
1682170050831
55395114052304813
528955707371011644
7771389917775
79231214882
289173
41683291
18021806242380239
402729
956833425954908
9970027361156629
46695783109
42880462084690521
3295238
872517449405153
121708756
852697614661605847
2822962014482
22621305824811901
52953064305
5416500096402544
187461599273586418
240796792886942887
83955903677581771
67733279326350921
51077829852
156128
858176205433074021
19418177364460
9997928
3055030
55332208815178455
941958587296582498
26398055079450
8478471
6569812
885138090400
153491458155626
89434350754425206
2730285077
607699794
5866598787424
3108857968342635
6125634846
205595620044
14304764240714297
345708930508611544
5181435455471
92448864276630792
3212210
3339748
8375941141
63480157807
4514790
633003590915331378
7760153
258646091
2313718116043213
33747
129600336690942904
61315567249
913678495
66037860
17673001
31699613325424
920342384678
3987862005
5935598005
999647
424294966516
5681101109902711
589349852752837270
62560763
799283353803526673
178581816000734
219100838401
4471321504934409
20691869182
4304038333253874
234035244755601482
867594307650
959470526382606
58382985
1944570
1452242345760260
76481
545069011
457859697375
827947846954
766900493
79253964812
493479918617136543
15999769162733426
42287223056151
489374591
1766276324227270
9724961168457514
8976169888911
2094703
641714766426
479407436018
65123
376542319309561
77400
46490
617388
6286239689899
421897961
509495083195712
4640633
149064050342
717068038105202
619561260143759729
1386403635
9053902254195383
14591431239
4403315272741
704324594477750460
190354353893812466
57971350
51961571135231807
29186702
69964938928
81722424868
20509464811541
8843353
95530904374
18389468
3237312778023
6895611553321
2472961484975500
8968864327439
19040816324
423449597159655580
15783528801626675
495480413320
1166820899
54812195270080
45074031415034976
246683538008782349
626321
81151173343362434
4630663498932
869234642801
49961866585441988
52870065
69732777
851073492
76214
73670676525021943
1267627628
4444697062774761
19147371566805308
8842114627553082
53760835265237409
633737866146
6627770740215
8343672806
50787
9210643048
46708691
955873
909668244681309
285707334708064222
428039251999763984
79286
61251081780295
571290059
563256386359
8265992424210
2157288076220
746903979691895
59108384766133
8229939150295916
9806352527
63782944314601
759394203314
86054853675250
865544021
36446496645
384119430700550
4194207310350
62522
795597704130797774
4170991883094
247974514781463223
531897653529267234
7223560
42730245645797
407518490594847
9679374676266826
5203982828353408
49454812
3101504871806
4428792739104410
26009542
2346121470487
98599283
882528575049488
264610613434451780
9814011310010786
245414637939
84718369599
95733616843726
925101509715128701
8385358591380
8590696148984617
96436
55582
53682150569748
66095675674652
4051328128
41518388
4075027108611813
7229342
2635693368
472592422
54023
70995864825
24492999
780347898148067
3382605504
10420270219403
68870963758353791
94667534476598124
89268108306977
241967144
41452
9085741881216
190521260
82084003327
92121
235546965294259
79096307
3152958566
7637599780355
8647583
771986889599352891
9037463353
731089475011414772
795586
74278413078216
45186982553
28381213496
467928
6049522485892940
45558728
66878879745636757
96455
7805319
16301417
61859159055394026
85046623
8595583
64957
918345700785769
21298050303210
95124795520396
5058994652
686943207033
687916143
30088160228098
93074
21309354
768804165
852140160
91398
4986912
160365883
88118533078060030
51313
297489792970253
922282
64046
56771153427228499
82830
35507678418652
6196756
76067863302959739
974133387245
5007801399143
1677701
269655868
72133
7924270448735
599356120
5391765704869
658817928
5636275
758603794
4943673469460
42567672853967
63379
867622365
537241213070383
1727237373805141
12284072184998
31419389026
4622129440
932601784219
54241225067869709
695526086839185612
228955
32630862687
9079373
14104245837888788
977889973
38457669128433341
56114276
9615513391
6978568895997
4365763706
7408456691343580
45278215324479649
5794237860
5488104012236092
481185122451
46150168
1194793835
8376710
36918750487961
65938845219
9877692
281251728713
3159292898950
28918
1944451
27051888
98103964
40035264853867988
44001440412864
2290795633729629
4311205
1983374696218639
39290558512324536
28353658492509
66527579
1597225
404840407
90462
98072210525215
44669603831839
176280384266447448
772285769345
93359187003007631
581877
811447537629
59543615149100
8332221887
40734
1270257992081
33724512243
7858589975167
55826247
804088
879662127
910553924245352
583100873
549175
3138792
87430388251466695
248981738
21825386064
46468961363677
89079492689050314
9636588590968976
237362
4165822828486
58735112
150397198548068462
275984772222129
52900
161933340970679505
61809949
3956693298364
7255132900
56254758
305678
4972233312
952658
760640941778923131
78497139092
355143
58036612051
38585
2766619110133
20756718985285457
7677099
4797133859088
9531996452450
139844827476
80282064787398255
7750584610712053
72949686318850
419085066
6437867979
2920751074
988774433033
690197450450604
844951379243
66596778447304
33931805531580623
5374499286743027
7464465955849206
19175814481538651
254217661
51952640121744
818310
4101926384439874
6958517345620
722967243869858
2218634
57829
265446403
2853250352862670
8750564
578478949
63034805
924895021
5718614658251888
65685993243562523
7364338538408422
965745780235397443
1028092
2096377702
535739122
5643351194264756
18186306464159719
723085258898
637436836
219782925
4691154157
764229005
1002230716497375
82703462114
565272616112595
754201
16642439624415445
570440533839961
9598598
2755366303663
839539607
463100278962
9519040914332
9876877220
76920090841947
4243359
806721378029855
307358
85680354710
242295708811
415493005631
6947601521242105
5796022130584550
922299
9820416306300309
352388966110645
8725194529
19507
5723995904
6036540467
703118788336307516
613197178
352859878117247
63334753
1404975162
2536576999568
95904870
730631465985733884
4929300
733999714036961
32262448253
245328783203443576
31470763500
65686274723
1679953
4490920893
105701061601195503
20539864
9608606532
372778
54562788587758
5649991
925389233578
679586800332
260687188
491187103
575963569039
55753815093960710
70679
274459272986
19876
2942935
8738455260218652
14948
84122177672233161
755075026501932972
86076
945862299
4427974452353
950113243698670
84330
5118793
56300
46759
91634790293292460
730618877
259775936
43686519
7062292908765
158181
161724484
3554084770776
8648841718465106
511545572747
44753002476887
641725329510021
1436796882206
4090034651909701
97250335086
8747385261682
68753717
3702292258153756
512935169628
510504350181189
967633963031424
506189143
7059028323
99557944896718625
145184018
697577815
58714041141447
14461
54227271456712
2364991892353
95412226250
56433453436
81339639
2027718
71741886237982700
6266979
952030333483516
81871
26517
28291
9411658984
84865459
38705080470870855
3781509228436
916923918347702
427985
900362735334618
938804
42484921296498
71355969531846
7244475150
609031529277
57920185
69905
92728
712872129993883
5872049267918377
8021744016
577590593687737
723518
957965671089033267
927159283209354
